0.0000000000000000e+00 1.0000000000000000e+00 1.0000000000000000e+00 0.0000000000000000e+00
1.0010010010010010e-03 1.0030075165334387e+00 1.0030075165334387e+00 0.0000000000000000e+00
2.0020020020020020e-03 1.0060240782225762e+00 1.0060240782225762e+00 0.0000000000000000e+00
3.0030030030030030e-03 1.0090497122708679e+00 1.0090497122708679e+00 0.0000000000000000e+00
4.0040040040040040e-03 1.0120844459635840e+00 1.0120844459635840e+00 0.0000000000000000e+00
5.0050050050050050e-03 1.0151283066680556e+00 1.0151283066680556e+00 0.0000000000000000e+00
6.0060060060060060e-03 1.0181813218339215e+00 1.0181813218339215e+00 0.0000000000000000e+00
7.0070070070070069e-03 1.0212435189933753e+00 1.0212435189933753e+00 0.0000000000000000e+00
8.0080080080080079e-03 1.0243149257614150e+00 1.0243149257614150e+00 0.0000000000000000e+00
9.0090090090090089e-03 1.0273955698360904e+00 1.0273955698360904e+00 0.0000000000000000e+00
1.0010010010010010e-02 1.0304854789987541e+00 1.0304854789987541e+00 0.0000000000000000e+00
1.1011011011011011e-02 1.0335846811143112e+00 1.0335846811143112e+00 0.0000000000000000e+00
1.2012012012012012e-02 1.0366932041314714e+00 1.0366932041314714e+00 0.0000000000000000e+00
1.3013013013013013e-02 1.0398110760830004e+00 1.0398110760830004e+00 0.0000000000000000e+00
1.4014014014014014e-02 1.0429383250859725e+00 1.0429383250859725e+00 0.0000000000000000e+00
1.5015015015015015e-02 1.0460749793420254e+00 1.0460749793420254e+00 0.0000000000000000e+00
1.6016016016016016e-02 1.0492210671376130e+00 1.0492210671376130e+00 0.0000000000000000e+00
1.7017017017017015e-02 1.0523766168442616e+00 1.0523766168442616e+00 0.0000000000000000e+00
1.8018018018018018e-02 1.0555416569188250e+00 1.0555416569188250e+00 0.0000000000000000e+00
1.9019019019019021e-02 1.0587162159037415e+00 1.0587162159037415e+00 0.0000000000000000e+00
2.0020020020020020e-02 1.0619003224272916e+00 1.0619003224272916e+00 0.0000000000000000e+00
2.1021021021021019e-02 1.0650940052038556e+00 1.0650940052038556e+00 0.0000000000000000e+00
2.2022022022022022e-02 1.0682972930341725e+00 1.0682972930341725e+00 0.0000000000000000e+00
2.3023023023023025e-02 1.0715102148056004e+00 1.0715102148056004e+00 0.0000000000000000e+00
2.4024024024024024e-02 1.0747327994923768e+00 1.0747327994923768e+00 0.0000000000000000e+00
2.5025025025025023e-02 1.0779650761558788e+00 1.0779650761558788e+00 0.0000000000000000e+00
2.6026026026026026e-02 1.0812070739448871e+00 1.0812070739448871e+00 0.0000000000000000e+00
2.7027027027027029e-02 1.0844588220958471e+00 1.0844588220958471e+00 0.0000000000000000e+00
2.8028028028028028e-02 1.0877203499331338e+00 1.0877203499331338e+00 0.0000000000000000e+00
2.9029029029029027e-02 1.0909916868693152e+00 1.0909916868693152e+00 0.0000000000000000e+00
3.0030030030030030e-02 1.0942728624054190e+00 1.0942728624054190e+00 0.0000000000000000e+00
3.1031031031031032e-02 1.0975639061311964e+00 1.0975639061311964e+00 0.0000000000000000e+00
3.2032032032032032e-02 1.1008648477253915e+00 1.1008648477253915e+00 0.0000000000000000e+00
3.3033033033033031e-02 1.1041757169560071e+00 1.1041757169560071e+00 0.0000000000000000e+00
3.4034034034034030e-02 1.1074965436805737e+00 1.1074965436805737e+00 0.0000000000000000e+00
3.5035035035035036e-02 1.1108273578464192e+00 1.1108273578464192e+00 0.0000000000000000e+00
3.6036036036036036e-02 1.1141681894909383e+00 1.1141681894909383e+00 0.0000000000000000e+00
3.7037037037037035e-02 1.1175190687418637e+00 1.1175190687418637e+00 0.0000000000000000e+00
3.8038038038038041e-02 1.1208800258175378e+00 1.1208800258175378e+00 0.0000000000000000e+00
3.9039039039039040e-02 1.1242510910271852e+00 1.1242510910271852e+00 0.0000000000000000e+00
4.0040040040040040e-02 1.1276322947711859e+00 1.1276322947711859e+00 0.0000000000000000e+00
4.1041041041041039e-02 1.1310236675413494e+00 1.1310236675413494e+00 0.0000000000000000e+00
4.2042042042042038e-02 1.1344252399211905e+00 1.1344252399211905e+00 0.0000000000000000e+00
4.3043043043043044e-02 1.1378370425862037e+00 1.1378370425862037e+00 0.0000000000000000e+00
4.4044044044044044e-02 1.1412591063041406e+00 1.