-5.0000000000000000e+00 1.5974440894568689e-03 1.5974440894568689e-03 0.0000000000000000e+00
-4.9899899899899900e+00 1.6038492317279000e-03 3.2012933211847689e-03 -1.5974440894568689e-03
-4.9799799799799800e+00 1.6102929538494729e-03 4.8115862750342415e-03 -3.2012933211847689e-03
-4.9699699699699700e+00 1.6167755661120201e-03 6.4283618411462616e-03 -4.8115862750342415e-03
-4.9599599599599600e+00 1.6232973819300632e-03 8.0516592230763240e-03 -6.4283618411462608e-03
-4.9499499499499500e+00 1.6298587178800118e-03 9.6815179409563360e-03 -8.0516592230763240e-03
-4.9399399399399400e+00 1.6364598937385017e-03 1.1317977834694837e-02 -9.6815179409563360e-03
-4.9299299299299300e+00 1.6431012325212691e-03 1.2961079067216106e-02 -1.1317977834694837e-02
-4.9199199199199199e+00 1.6497830605225815e-03 1.4610862127738688e-02 -1.2961079067216106e-02
-4.9099099099099099e+00 1.6565057073552297e-03 1.6267367835093919e-02 -1.4610862127738690e-02
-4.8998998998998999e+00 1.6632695059910856e-03 1.7930637341085003e-02 -1.6267367835093919e-02
-4.8898898898898899e+00 1.6700747928022446e-03 1.9600712133887248e-02 -1.7930637341085003e-02
-4.8798798798798799e+00 1.6769219076027506e-03 2.1277634041489999e-02 -1.9600712133887248e-02
-4.8698698698698699e+00 1.6838111936909256e-03 2.2961445235180924e-02 -2.1277634041489999e-02
-4.8598598598598599e+00 1.6907429978923029e-03 2.4652188233073226e-02 -2.2961445235180924e-02
-4.8498498498498499e+00 1.6977176706031800e-03 2.6349905903676404e-02 -2.4652188233073226e-02
-4.8398398398398399e+00 1.7047355658348006e-03 2.8054641469511206e-02 -2.6349905903676404e-02
-4.8298298298298299e+00 1.7117970412581743e-03 2.9766438510769381e-02 -2.8054641469511206e-02
-4.8198198198198199e+00 1.7189024582495460e-03 3.1485340969018928e-02 -2.9766438510769381e-02
-4.8098098098098099e+00 1.7260521819365236e-03 3.3211393150955448e-02 -3.1485340969018921e-02
-4.7997997997997999e+00 1.7332465812448811e-03 3.4944639732200328e-02 -3.3211393150955448e-02
-4.7897897897897899e+00 1.7404860289460394e-03 3.6685125761146367e-02 -3.4944639732200328e-02
-4.7797797797797799e+00 1.7477709017052422e-03 3.8432896662851608e-02 -3.6685125761146367e-02
-4.7697697697697699e+00 1.7551015801304383e-03 4.0187998242982047e-02 -3.8432896662851608e-02
-4.7597597597597598e+00 1.7624784488218784e-03 4.1950476691803927e-02 -4.0187998242982047e-02
-4.7497497497497498e+00 1.7699018964224440e-03 4.3720378588226375e-02 -4.1950476691803934e-02
-4.7397397397397398e+00 1.7773723156687148e-03 4.5497750903895087e-02 -4.3720378588226375e-02
-4.7297297297297298e+00 1.7848901034427909e-03 4.7282641007337881e-02 -4.5497750903895087e-02
-4.7197197197197198e+00 1.7924556608248825e-03 4.9075096668162760e-02 -4.7282641007337881e-02
-4.7097097097097098e+00 1.8000693931466765e-03 5.0875166061309436e-02 -4.9075096668162760e-02
-4.6996996996996998e+00 1.8077317100455004e-03 5.2682897771354938e-02 -5.0875166061309436e-02
-4.6896896896896898e+00 1.8154430255192860e-03 5.4498340796874226e-02 -5.2682897771354938e-02
-4.6796796796796798e+00 1.8232037579823590e-03 5.6321544554856585e-02 -5.4498340796874226e-02
-4.6696696696696698e+00 1.8310143303220589e-03 5.8152558885178646e-02 -5.6321544554856585e-02
-4.6596596596596598e+00 1.8388751699562091e-03 5.9991434055134851e-02 -5.8152558885178646e-02
-4.6496496496496498e+00 1.8467867088914468e-03 6.1838220764026300e-02 -5.9991434055134851e-02
-4.6396396396396398e+00 1.8547493837824361e-03 6.3692970147808739e-02 -6.1838220764026300e-02
-4.6296296296296298e+00 1.8627636359919660e-03 6.5555733783800710e-02 -6.3692970147808739e-02
-4.6196196196196198e+00 1.8708299116519643e-03 6.7426563695452676e-02 -6.5555733783800710e-02
-4.6096096096096097e+00 1.8789486617254280e-03 6.9305512357178106e-02 -6.7426563695452676e-02
-4.5995995995995997e+00 1.8871203420693012e-03 7.1192632699247402e-02 -6.9305512357178106e-02
-4.5895895895895897e+00 1.8953454134983015e-03 7.3087978112745700e-02 -7.1192632699247402e-02
-4.5795795795795797e+00 1.9036243418497241e-03 7.4991602454595421e-02 -7.3087978112745700e-02
-4.5695695695695697e+00 1.9119575980492349e-03 7.6903560052644662e-02 -7.4991602454595421e-02
-4.5595595595595597e+00 1.9203456581776684e-03 7.8823905710822331e-02 -7.6903560052644662e-02
-4.5495495495495497e+00 1.9287890035388528e-03 8.0752694714361181e-02 -7.8823905710822331e-02
-4.5395395395395397e+00 1.9372881207284753e-03 8.2689982835089659e-02 -8.0752694714361181e-02
-4.5295295295295297e+00 1.9458435017040132e-03 8.4635826336793674e-02 -8.2689982835089659e-02
-4.5195195195195197e+00 1.9544556438557364e-03 8.6590281980649414e-02 -8.4635826336793674e-02
-4.5095095095095097e+00 1.9631250500788170e-03 8.8553407030728226e-02 -8.6590281980649414e-02
-4.4994994994994997e+00 1.9718522288465546e-03 9.0525259259574775e-02 -8.8553407030728226e-02
-4.4894894894894897e+00 1.9806376942847342e-03 9.2505896953859509e-02 -9.0525259259574775e-02
-4.4794794794794797e+00 1.9894819662471526e-03 9.4495378920106662e-02 -9.2505896953859509e-02
-4.4694694694694697e+00 1.9983855703923142e-03 9.6493764490498971e-02 -9.4495378920106662e-02
-4.4594594594594597e+00 2.0073490382613332e-03 9.8501113528760301e-02 -9.6493764490498971e-02
-4.4494494494494496e+00 2.0163729073570556e-03 1.0051748643611735e-01 -9.8501113528760301e-02
-4.4394394394394396e+00 2.0254577212244209e-03 1.0254294415734178e-01 -1.0051748643611735e-01
-4.4294294294294296e+00 2.0346040295320970e-03 1.0457754818687387e-01 -1.0254294415734178e-01
-4.4194194194194196e+00 2.0438123881553970e-03 1.0662136057502927e-01 -1.0457754818687387e-01
-4.4094094094094096e+00 2.0530833592605131e-03 1.0867444393428978e-01 -1.0662136057502927e-01
-4.3993993993993996e+00 2.0624175113900817e-03 1.1073686144567986e-01 -1.0867444393428978e-01
-4.3893893893893896e+00 2.0718154195501115e-03 1.1280867686522997e-01 -1.1073686144567986e-01
-4.3793793793793796e+00 2.0812776652982951e-03 1.1488995453052826e-01 -1.1280867686522997e-01
-4.3693693693693696e+00 2.0908048368337329e-03 1.1698075936736199e-01 -1.1488995453052826e-01
-4.3593593593593596e+00 2.1003975290880880e-03 1.1908115689645007e-01 -1.1698075936736199e-01
-4.3493493493493496e+00 2.1100563438182065e-03 1.2119121324026828e-01 -1.1908115689645007e-01
-4.3393393393393396e+00 2.1197818897002291e-03 1.2331099512996851e-01 -1.2119121324026828e-01
-4.3293293293293296e+00 2.1295747824252114e-03 1.2544056991239372e-01 -1.2331099512996850e-01
-4.3193193193193196e+00 2.1394356447962952e-03 1.2758000555719001e-01 -1.2544056991239372e-01
-4.3093093093093096e+00 2.1493651068274521e-03 1.2972937066401746e-01 -1.2758000555719001e-01
-4.2992992992992995e+00 2.1593638058438236e-03 1.3188873446986130e-01 -1.2972937066401746e-01
-4.2892892892892895e+00 2.1694323865836993e-03 1.3405816685644500e-01 -1.3188873446986130e-01
-4.2792792792792795e+00 2.1795715013021525e-03 1.3623773835774716e-01 -1.3405816685644500e-01
-4.2692692692692695e+00 2.1897818098763734e-03 1.3842752016762352e-01 -1.3623773835774716e-01
-4.2592592592592595e+00 2.2000639799127212e-03 1.4062758414753623e-01 -1.3842752016762352e-01
-4.2492492492492495e+00 2.2104186868555386e-03 1.4283800283439177e-01 -1.4062758414753623e-01
-4.2392392392392395e+00 2.2208466140977517e-03 1.4505884944848951e-01 -1.4283800283439177e-01
-4.2292292292292295e+00 2.2313484530932992e-03 1.4729019790158282e-01 -1.4505884944848951e-01
-4.2192192192192195e+00 2.2419249034714137e-03 1.4953212280505424e-01 -1.4729019790158282e-01
-4.2092092092092095e+00 2.2525766731528018e-03 1.5178469947820702e-01 -1.4953212280505424e-01
-4.1991991991991995e+00 2.2633044784677475e-03 1.5404800395667478e-01 -1.5178469947820702e-01
-4.1891891891891895e+00 2.2741090442761885e-03 1.5632211300095097e-01 -1.5404800395667478e-01
-4.1791791791791795e+00 2.2849911040897894e-03 1.5860710410504075e-01 -1.5632211300095097e-01
-4.1691691691691695e+00 2.2959514001960608e-03 1.6090305550523681e-01 -1.5860710410504075e-01
-4.1591591591591595e+00 2.3069906837845568e-03 1.6321004618902138e-01 -1.6090305550523681e-01
-4.1491491491491495e+00 2.3181097150751953e-03 1.6552815590409659e-01 -1.6321004618902138e-01
-4.1391391391391394e+00 2.3293092634487354e-03 1.6785746516754532e-01 -1.6552815590409659e-01
-4.1291291291291294e+00 2.3405901075794640e-03 1.7019805527512480e-01 -1.6785746516754532e-01
-4.1191191191191194e+00 2.3519530355701240e-03 1.7255000831069492e-01 -1.7019805527512480e-01
-4.1091091091091094e+00 2.3633988450891315e-03 1.7491340715578405e-01 -1.7255000831069492e-01
-4.0990990990990994e+00 2.3749283435101289e-03 1.7728833549929418e-01 -1.7491340715578405e-01
-4.0890890890890894e+00 2.3865423480539153e-03 1.7967487784734809e-01 -1.7728833549929418e-01
-4.0790790790790794e+00 2.3982416859328021e-03 1.8207311953328090e-01 -1.7967487784734809e-01
-4.0690690690690694e+00 2.4100271944974463e-03 1.8448314672777835e-01 -1.8207311953328090e-01
-4.0590590590590594e+00 2.4218997213861968e-03 1.8690504644916456e-01 -1.8448314672777835e-01
-4.0490490490490494e+00 2.4338601246770178e-03 1.8933890657384159e-01 -1.8690504644916456e-01
-4.0390390390390394e+00 2.4459092730420339e-03 1.9178481584688362e-01 -1.8933890657384159e-01
-4.0290290290290294e+00 2.4580480459047449e-03 1.9424286389278836e-01 -1.9178481584688362e-01
-4.0190190190190194e+00 2.4702773335999709e-03 1.9671314122638833e-01 -1.9424286389278836e-01
-4.0090090090090094e+00 2.4825980375365753e-03 1.9919573926392492e-01 -1.9671314122638833e-01
-3.9989989989989989e+00 2.4950110703630267e-03 2.0169075033428796e-01 -1.9919573926392492e-01
-3.9889889889889889e+00 2.5075173561358460e-03 2.0419826769042382e-01 -2.0169075033428796e-01
-3.9789789789789789e+00 2.5201178304910146e-03 2.0671838552091484e-01 -2.0419826769042382e-01
-3.9689689689689689e+00 2.5328134408183836e-03 2.0925119896173322e-01 -2.0671838552091484e-01
-3.9589589589589589e+00 2.5456051464391562e-03 2.1179680410817237e-01 -2.0925119896173322e-01
-3.9489489489489489e+00 2.5584939187865011e-03 2.1435529802695888e-01 -2.1179680410817237e-01
-3.9389389389389389e+00 2.5714807415893612e-03 2.1692677876854824e-01 -2.1435529802695888e-01
-3.9289289289289289e+00 2.5845666110595215e-03 2.1951134537960776e-01 -2.1692677876854824e-01
-3.9189189189189189e+00 2.5977525360820044e-03 2.2210909791568975e-01 -2.1951134537960776e-01
-3.9089089089089089e+00 2.6110395384088582e-03 2.2472013745409861e-01 -2.2210909791568975e-01
-3.8988988988988988e+00 2.6244286528564042e-03 2.2734456610695500e-01 -2.2472013745409861e-01
-3.8888888888888888e+00 2.6379209275060253e-03 2.2998248703446103e-01 -2.2734456610695500e-01
-3.8788788788788788e+00 2.6515174239085536e-03 2.3263400445836960e-01 -2.2998248703446103e-01
-3.8688688688688688e+00 2.6652192172923438e-03 2.3529922367566194e-01 -2.3263400445836960e-01
-3.8588588588588588e+00 2.6790273967750976e-03 2.3797825107243703e-01 -2.3529922367566194e-01
-3.8488488488488488e+00 2.6929430655795259e-03 2.4067119413801655e-01 -2.3797825107243703e-01
-3.8388388388388388e+00 2.7069673412529207e-03 2.4337816147926947e-01 -2.4067119413801655e-01
-3.8288288288288288e+00 2.7211013558907280e-03 2.4609926283516020e-01 -2.4337816147926947e-01
-3.8188188188188188e+00 2.7353462563641895e-03 2.4883460909152438e-01 -2.4609926283516020e-01
-3.8088088088088088e+00 2.7497032045521504e-03 2.5158431229607653e-01 -2.4883460909152438e-01
-3.7987987987987988e+00 2.7641733775771245e-03 2.5434848567365365e-01 -2.5158431229607653e-01
-3.7887887887887888e+00 2.7787579680456855e-03 2.5712724364169931e-01 -2.5434848567365365e-01
-3.7787787787787788e+00 2.7934581842932985e-03 2.5992070182599258e-01 -2.5712724364169931e-01
-3.7687687687687688e+00 2.8082752506336721e-03 2.6272897707662624e-01 -2.5992070182599258e-01
-3.7587587587587588e+00 2.8232104076127301e-03 2.6555218748423898e-01 -2.6272897707662624e-01
-3.7487487487487487e+00 2.8382649122673004e-03 2.6839045239650627e-01 -2.6555218748423898e-01
-3.7387387387387387e+00 2.8534400383886226e-03 2.7124389243489488e-01 -2.6839045239650627e-01
-3.7287287287287287e+00 2.8687370767907774e-03 2.7411262951168563e-01 -2.7124389243489488e-01
-3.7187187187187187e+00 2.8841573355841373e-03 2.7699678684726975e-01 -2.7411262951168563e-01
-3.7087087087087087e+00 2.8997021404539580e-03 2.7989648898772368e-01 -2.7699678684726969e-01
-3.6986986986986987e+00 2.9153728349442056e-03 2.8281186182266788e-01 -2.7989648898772368e-01
-3.6886886886886887e+00 2.9311707807467475e-03 2.8574303260341460e-01 -2.8281186182266788e-01
-3.6786786786786787e+00 2.9470973579960131e-03 2.8869012996141064e-01 -2.8574303260341460e-01
-3.6686686686686687e+00 2.9631539655692427e-03 2.9165328392697987e-01 -2.8869012996141064e-01
-3.6586586586586587e+00 2.9793420213924545e-03 2.9463262594837231e-01 -2.9165328392697987e-01
-3.6486486486486487e+00 2.9956629627522460e-03 2.9762828891112453e-01 -2.9463262594837231e-01
-3.6386386386386387e+00 3.0121182466135601e-03 3.0064040715773810e-01 -2.9762828891112453e-01
-3.6286286286286287e+00 3.0287093499435438e-03 3.0366911650768164e-01 -3.0064040715773810e-01
-3.6186186186186187e+00 3.0454377700416414e-03 3.0671455427772326e-01 -3.0366911650768164e-01
-3.6086086086086087e+00 3.0623050248760482e-03 3.0977685930259929e-01 -3.0671455427772326e-01
-3.5985985985985987e+00 3.0793126534266759e-03 3.1285617195602600e-01 -3.0977685930259929e-01
-3.5885885885885886e+00 3.0964622160347642e-03 3.1595263417206076e-01 -3.1285617195602600e-01
-3.5785785785785786e+00 3.1137552947592935e-03 3.1906638946682003e-01 -3.1595263417206076e-01
-3.5685685685685686e+00 3.1311934937403459e-03 3.2219758296056039e-01 -3.1906638946682003e-01
-3.5585585585585586e+00 3.1487784395695722e-03 3.2534636140012996e-01 -3.2219758296056039e-01
-3.5485485485485486e+00 3.1665117816679239e-03 3.2851287318179789e-01 -3.2534636140012996e-01
-3.5385385385385386e+00 3.1843951926708081e-03 3.3169726837446872e-01 -3.2851287318179789e-01
-3.5285285285285286e+00 3.2024303688208407e-03 3.3489969874328956e-01 -3.3169726837446872e-01
-3.5185185185185186e+00 3.2206190303683611e-03 3.3812031777365792e-01 -3.3489969874328956e-01
-3.5085085085085086e+00 3.2389629219798932e-03 3.4135928069563781e-01 -3.3812031777365792e-01
-3.4984984984984986e+00 3.2574638131547267e-03 3.4461674450879254e-01 -3.4135928069563781e-01
-3.4884884884884886e+00 3.2761234986497956e-03 3.4789286800744235e-01 -3.4461674450879254e-01
-3.4784784784784786e+00 3.2949437989130696e-03 3.5118781180635544e-01 -3.4789286800744235e-01
-3.4684684684684686e+00 3.3139265605256229e-03 3.5450173836688109e-01 -3.5118781180635544e-01
-3.4584584584584586e+00 3.3330736566525984e-03 3.5783481202353368e-01 -3.5450173836688109e-01
-3.4484484484484486e+00 3.3523869875032608e-03 3.6118719901103696e-01 -3.5783481202353368e-01
-3.4384384384384385e+00 3.3718684808003666e-03 3.6455906749183731e-01 -3.6118719901103696e-01
-3.4284284284284285e+00 3.3915200922590410e-03 3.6795058758409632e-01 -3.6455906749183731e-01
-3.4184184184184185e+00 3.4113438060754029e-03 3.7136193139017171e-01 -3.6795058758409632e-01
-3.4084084084084085e+00 3.4313416354251574e-03 3.7479327302559684e-01 -3.7136193139017171e-01
-3.3983983983983985e+00 3.4515156229723881e-03 3.7824478864856925e-01 -3.7479327302559684e-01
-3.3883883883883881e+00 3.4718678413887889e-03 3.8171665648995806e-01 -3.7824478864856925e-01
-3.3783783783783781e+00 3.4924003938835804e-03 3.8520905688384166e-01 -3.8171665648995806e-01
-3.3683683683683681e+00 3.5131154147443680e-03 3.8872217229858602e-01 -3.8520905688384166e-01
-3.3583583583583581e+00 3.5340150698891862e-03 3.9225618736847523e-01 -3.8872217229858602e-01
-3.3483483483483480e+00 3.5551015574300121e-03 3.9581128892590522e-01 -3.9225618736847523e-01
-3.3383383383383380e+00 3.5763771082480047e-03 3.9938766603415321e-01 -3.9581128892590522e-01
-3.3283283283283280e+00 3.5978439865807623e-03 4.0298551002073396e-01 -3.9938766603415321e-01
-3.3183183183183180e+00 3.6195044906218773e-03 4.0660501451135583e-01 -4.0298551002073396e-01
-3.3083083083083080e+00 3.6413609531330830e-03 4.1024637546448894e-01 -4.0660501451135583e-01
-3.2982982982982980e+00 3.6634157420693029e-03 4.1390979120655824e-01 -4.1024637546448894e-01
-3.2882882882882880e+00 3.6856712612169033e-03 4.1759546246777512e-01 -4.1390979120655824e-01
-3.2782782782782780e+00 3.7081299508454802e-03 4.2130359241862059e-01 -4.1759546246777512e-01
-3.2682682682682680e+00 3.7307942883734973e-03 4.2503438670699406e-01 -4.2130359241862059e-01
-3.2582582582582580e+00 3.7536667890481173e-03 4.2878805349604215e-01 -4.2503438670699406e-01
-3.2482482482482480e+00 3.7767500066395810e-03 4.3256480350268173e-01 -4.2878805349604215e-01
-3.2382382382382380e+00 3.8000465341504704e-03 4.3636485003683217e-01 -4.3256480350268173e-01
-3.2282282282282280e+00 3.8235590045402460e-03 4.4018840904137241e-01 -4.3636485003683217e-01
-3.2182182182182180e+00 3.8472900914654148e-03 4.4403569913283780e-01 -4.4018840904137241e-01
-3.2082082082082080e+00 3.8712425100357216e-03 4.4790694164287354e-01 -4.4403569913283780e-01
-3.1981981981981980e+00 3.8954190175867691e-03 4.5180236066046031e-01 -4.4790694164287354e-01
-3.1881881881881879e+00 3.9198224144694630e-03 4.5572218307492979e-01 -4.5180236066046031e-01
-3.1781781781781779e+00 3.9444555448567035e-03 4.5966663861978652e-01 -4.5572218307492979e-01
-3.1681681681681679e+00 3.9693212975677643e-03 4.6363595991735429e-01 -4.5966663861978652e-01
-3.1581581581581579e+00 3.9944226069107951e-03 4.6763038252426509e-01 -4.6363595991735429e-01
-3.1481481481481479e+00 4.0197624535438983e-03 4.7165014497780899e-01 -4.6763038252426509e-01
-3.1381381381381379e+00 4.0453438653552673e-03 4.7569548884316426e-01 -4.7165014497780899e-01
-3.1281281281281279e+00 4.0711699183628462e-03 4.7976665876152713e-01 -4.7569548884316426e-01
-3.1181181181181179e+00 4.0972437376340246e-03 4.8386390249916117e-01 -4.7976665876152713e-01
-3.1081081081081079e+00 4.1235684982258722e-03 4.8798747099738704e-01 -4.8386390249916117e-01
-3.0980980980980979e+00 4.1501474261464340e-03 4.9213761842353348e-01 -4.8798747099738704e-01
-3.0880880880880879e+00 4.1769837993376321e-03 4.9631460222287110e-01 -4.9213761842353348e-01
-3.0780780780780779e+00 4.2040809486803303e-03 5.0051868317155146e-01 -4.9631460222287110e-01
-3.0680680680680679e+00 4.2314422590221286e-03 5.0475012543057363e-01 -5.0051868317155146e-01
-3.0580580580580579e+00 4.2590711702284777e-03 5.0900919660080213e-01 -5.0475012543057363e-01
-3.0480480480480479e+00 4.2869711782577277e-03 5.1329616777905984e-01 -5.0900919660080213e-01
-3.0380380380380378e+00 4.3151458362607189e-03 5.1761131361532053e-01 -5.1329616777905984e-01
-3.0280280280280278e+00 4.3435987557055708e-03 5.2195491237102609e-01 -5.1761131361532053e-01
-3.0180180180180178e+00 4.3723336075283210e-03 5.2632724597855440e-01 -5.2195491237102609e-01
-3.0080080080080078e+00 4.4013541233101014e-03 5.3072860010186451e-01 -5.2632724597855440e-01
-2.9979979979979978e+00 4.4306640964815484e-03 5.3515926419834603e-01 -5.3072860010186451e-01
-2.9879879879879878e+00 4.4602673835551620e-03 5.3961953158190124e-01 -5.3515926419834603e-01
-2.9779779779779778e+00 4.4901679053863733e-03 5.4410969948728760e-01 -5.3961953158190124e-01
-2.9679679679679678e+00 4.5203696484640687e-03 5.4863006913575163e-01 -5.4410969948728760e-01
-2.9579579579579578e+00 4.5508766662313710e-03 5.5318094580198296e-01 -5.4863006913575163e-01
-2.9479479479479478e+00 4.5816930804374731e-03 5.5776263888242039e-01 -5.5318094580198296e-01
-2.9379379379379378e+00 4.6128230825213910e-03 5.6237546196494181e-01 -5.5776263888242039e-01
-2.9279279279279278e+00 4.6442709350284555e-03 5.6701973289997032e-01 -5.6237546196494181e-01
-2.9179179179179178e+00 4.6760409730604744e-03 5.7169577387303083e-01 -5.6701973289997032e-01
-2.9079079079079078e+00 4.7081376057604455e-03 5.7640391147879133e-01 -5.7169577387303083e-01
-2.8978978978978978e+00 4.7405653178327839e-03 5.8114447679662407e-01 -5.7640391147879133e-01
-2.8878878878878878e+00 4.7733286711000291e-03 5.8591780546772410e-01 -5.8114447679662407e-01
-2.8778778778778777e+00 4.8064323060970368e-03 5.9072423777382110e-01 -5.8591780546772410e-01
-2.8678678678678677e+00 4.8398809437036772e-03 5.9556411871752479e-01 -5.9072423777382110e-01
-2.8578578578578577e+00 4.8736793868171284e-03 6.0043779810434195e-01 -5.9556411871752479e-01
-2.8478478478478477e+00 4.9078325220648401e-03 6.0534563062640678e-01 -6.0043779810434195e-01
-2.8378378378378377e+00 4.9423453215593121e-03 6.1028797594796613e-01 -6.0534563062640678e-01
-2.8278278278278277e+00 4.9772228446958514e-03 6.1526519879266195e-01 -6.1028797594796613e-01
-2.8178178178178177e+00 5.0124702399945249e-03 6.2027766903265646e-01 -6.1526519879266195e-01
-2.8078078078078077e+00 5.0480927469875288e-03 6.2532576177964394e-01 -6.2027766903265646e-01
-2.7977977977977977e+00 5.0840956981532829e-03 6.3040985747779721e-01 -6.2532576177964394e-01
-2.7877877877877877e+00 5.1204845208985489e-03 6.3553034199869574e-01 -6.3040985747779721e-01
-2.7777777777777777e+00 5.1572647395899665e-03 6.4068760673828573e-01 -6.3553034199869574e-01
-2.7677677677677677e+00 5.1944419776363783e-03 6.4588204871592214e-01 -6.4068760673828573e-01
-2.7577577577577577e+00 5.2320219596234474e-03 6.5111407067554561e-01 -6.4588204871592214e-01
-2.7477477477477477e+00 5.2700105135020225e-03 6.5638408118904767e-01 -6.5111407067554561e-01
-2.7377377377377377e+00 5.3084135728318355e-03 6.6169249476187952e-01 -6.5638408118904767e-01
-2.7277277277277276e+00 5.3472371790821045e-03 6.6703973194096167e-01 -6.6169249476187952e-01
-2.7177177177177176e+00 5.3864874839907335e-03 6.7242621942495240e-01 -6.6703973194096167e-01
-2.7077077077077076e+00 5.4261707519837610e-03 6.7785239017693621e-01 -6.7242621942495240e-01
-2.6976976976976976e+00 5.4662933626568825e-03 6.8331868353959313e-01 -6.7785239017693621e-01
-2.6876876876876876e+00 5.5068618133208170e-03 6.8882554535291396e-01 -6.8331868353959313e-01
-2.6776776776776776e+00 5.5478827216124274e-03 6.9437342807452640e-01 -6.8882554535291396e-01
-2.6676676676676676e+00 5.5893628281735372e-03 6.9996279090269997e-01 -6.9437342807452640e-01
-2.6576576576576576e+00 5.6313089993994371e-03 7.0559409990209943e-01 -6.9996279090269997e-01
-2.6476476476476476e+00 5.6737282302591723e-03 7.1126782813235856e-01 -7.0559409990209943e-01
-2.6376376376376376e+00 5.7166276471897533e-03 7.1698445577954828e-01 -7.1126782813235856e-01
-2.6276276276276276e+00 5.7600145110665059e-03 7.2274447029061484e-01 -7.1698445577954828e-01
-2.6176176176176176e+00 5.8038962202518482e-03 7.2854836651086674e-01 -7.2274447029061484e-01
-2.6076076076076076e+00 5.8482803137248820e-03 7.3439664682459160e-01 -7.2854836651086674e-01
-2.5975975975975976e+00 5.8931744742942290e-03 7.4028982129888588e-01 -7.3439664682459160e-01
-2.5875875875875876e+00 5.9385865318966691e-03 7.4622840783078259e-01 -7.4028982129888588e-01
-2.5775775775775776e+00 5.9845244669841846e-03 7.5221293229776676e-01 -7.4622840783078259e-01
-2.5675675675675675e+00 6.0309964140021323e-03 7.5824392871176893e-01 -7.5221293229776676e-01
-2.5575575575575575e+00 6.0780106649613499e-03 7.6432193937673032e-01 -7.5824392871176893e-01
-2.5475475475475475e+00 6.1255756731071033e-03 7.7044751504983744e-01 -7.6432193937673032e-01
-2.5375375375375375e+00 6.1737000566878713e-03 7.7662121510652526e-01 -7.7044751504983744e-01
-2.5275275275275275e+00 6.2223926028270862e-03 7.8284360770935235e-01 -7.7662121510652526e-01
-2.5175175175175175e+00 6.2716622715010429e-03 7.8911526998085335e-01 -7.8284360770935235e-01
-2.5075075075075075e+00 6.3215181996263267e-03 7.9543678818047969e-01 -7.8911526998085335e-01
-2.4974974974974975e+00 6.3719697052601765e-03 8.0180875788573991e-01 -7.9543678818047969e-01
-2.4874874874874875e+00 6.4230262919173975e-03 8.0823178417765729e-01 -8.0180875788573991e-01
-2.4774774774774775e+00 6.4746976530074950e-03 8.1470648183066474e-01 -8.0823178417765729e-01
-2.4674674674674675e+00 6.5269936763958751e-03 8.2123347550706061e-01 -8.1470648183066474e-01
-2.4574574574574575e+00 6.5799244490930804e-03 8.2781339995615366e-01 -8.2123347550706061e-01
-2.4474474474474475e+00 6.6335002620761712e-03 8.3444690021822987e-01 -8.2781339995615366e-01
-2.4374374374374375e+00 6.6877316152465279e-03 8.4113463183347636e-01 -8.3444690021822987e-01
-2.4274274274274275e+00 6.7426292225284722e-03 8.4787726105600481e-01 -8.4113463183347636e-01
-2.4174174174174174e+00 6.7982040171133103e-03 8.5467546507311809e-01 -8.4787726105600481e-01
-2.4074074074074074e+00 6.8544671568535279e-03 8.6152993222997165e-01 -8.5467546507311809e-01
-2.3973973973973974e+00 6.9114300298120553e-03 8.6844136225978374e-01 -8.6152993222997165e-01
-2.3873873873873874e+00 6.9691042599717415e-03 8.7541046651975551e-01 -8.6844136225978374e-01
-2.3773773773773774e+00 7.0275017131102612e-03 8.8243796823286580e-01 -8.7541046651975551e-01
-2.3673673673673674e+00 7.0866345028460336e-03 8.8952460273571188e-01 -8.8243796823286580e-01
-2.3573573573573574e+00 7.1465149968607646e-03 8.9667111773257269e-01 -8.8952460273571188e-01
-2.3473473473473474e+00 7.2071558233045762e-03 9.0387827355587724e-01 -8.9667111773257269e-01
-2.3373373373373374e+00 7.2685698773898378e-03 9.1114684343326713e-01 -9.0387827355587724e-01
-2.3273273273273274e+00 7.3307703281800408e-03 9.1847761376144721e-01 -9.1114684343326713e-01
-2.3173173173173174e+00 7.3937706255803783e-03 9.2587138438702754e-01 -9.1847761376144721e-01
-2.3073073073073074e+00 7.4575845075368083e-03 9.3332896889456440e-01 -9.2587138438702754e-01
-2.2972972972972974e+00 7.5222260074507960e-03 9.4085119490201519e-01 -9.3332896889456440e-01
-2.2872872872872874e+00 7.5877094618170800e-03 9.4843890436383227e-01 -9.4085119490201519e-01
-2.2772772772772774e+00 7.6540495180921686e-03 9.5609295388192439e-01 -9.4843890436383227e-01
-2.2672672672672673e+00 7.7212611428015164e-03 9.6381421502472586e-01 -9.5609295388192439e-01
-2.2572572572572573e+00 7.7893596298937084e-03 9.7160357465461955e-01 -9.6381421502472586e-01
-2.2472472472472473e+00 7.8583606093502144e-03 9.7946193526396974e-01 -9.7160357465461955e-01
-2.2372372372372373e+00 7.9282800560597153e-03 9.8739021532002946e-01 -9.7946193526396974e-01
-2.2272272272272273e+00 7.9991342989662716e-03 9.9538934961899572e-01 -9.8739021532002946e-01
-2.2172172172172173e+00 8.0709400305010049e-03 1.0034602896494966e+00 -9.9538934961899561e-01
-2.2072072072072073e+00 8.1437143163073881e-03 1.0116040039658041e+00 -1.0034602896494966e+00
-2.1971971971971973e+00 8.2174746052705427e-03 1.0198214785710746e+00 -1.0116040039658041e+00
-2.1871871871871873e+00 8.2922387398614798e-03 1.0281137173109360e+00 -1.0198214785710746e+00
-2.1771771771771773e+00 8.3680249668075645e-03 1.0364817422777437e+00 -1.0281137173109360e+00
-2.1671671671671673e+00 8.4448519481010037e-03 1.0449265942258448e+00 -1.0364817422777437e+00
-2.1571571571571573e+00 8.5227387723575843e-03 1.0534493329982024e+00 -1.0449265942258448e+00
-2.1471471471471473e+00 8.6017049665384517e-03 1.0620510379647410e+00 -1.0534493329982024e+00
-2.1371371371371373e+00 8.6817705080481748e-03 1.0707328084727892e+00 -1.0620510379647410e+00
-2.1271271271271273e+00 8.7629558372229362e-03 1.0794957643100120e+00 -1.0707328084727892e+00
-2.1171171171171173e+00 8.8452818702232511e-03 1.0883410461802352e+00 -1.0794957643100120e+00
-2.1071071071071072e+00 8.9287700123462030e-03 1.0972698161925813e+00 -1.0883410461802352e+00
-2.0970970970970972e+00 9.0134421717728060e-03 1.1062832583643543e+00 -1.0972698161925813e+00
-2.0870870870870872e+00 9.0993207737668034e-03 1.1153825791381211e+00 -1.1062832583643543e+00
-2.0770770770770772e+00 9.1864287753418376e-03 1.1245690079134629e+00 -1.1153825791381211e+00
-2.0670670670670672e+00 9.2747896804146728e-03 1.1338437975938775e+00 -1.1245690079134629e+00
-2.0570570570570572e+00 9.3644275554629237e-03 1.1432082251493405e+00 -1.1338437975938775e+00
-2.0470470470470472e+00 9.4553670457064969e-03 1.1526635921950470e+00 -1.1432082251493405e+00
-2.0370370370370372e+00 9.5476333918327761e-03 1.1622112255868797e+00 -1.1526635921950470e+00
-2.0270270270270272e+00 9.6412524472865024e-03 1.1718524780341661e+00 -1.1622112255868797e+00
-2.0170170170170172e+00 9.7362506961461044e-03 1.1815887287303122e+00 -1.1718524780341661e+00
-2.0070070070070072e+00 9.8326552716092915e-03 1.1914213840019214e+00 -1.1815887287303122e+00
-1.9969969969969972e+00 9.9304939751116584e-03 1.2013518779770331e+00 -1.1914213840019214e+00
-1.9869869869869872e+00 1.0029795296103077e-02 1.2113816732731362e+00 -1.2013518779770331e+00
-1.9769769769769772e+00 1.0130588432507802e-02 1.2215122617056440e+00 -1.2113816732731362e+00
-1.9669669669669672e+00 1.0232903311895318e-02 1.2317451650175393e+00 -1.2215122617056440e+00
-1.9569569569569571e+00 1.0336770613390186e-02 1.2420819356309294e+00 -1.2317451650175393e+00
-1.9469469469469471e+00 1.0442221790350403e-02 1.2525241574212798e+00 -1.2420819356309294e+00
-1.9369369369369371e+00 1.0549289093845091e-02 1.2630734465151248e+00 -1.2525241574212798e+00
-1.9269269269269271e+00 1.0658005596963798e-02 1.2737314521120886e+00 -1.2630734465151248e+00
-1.9169169169169171e+00 1.0768405219991065e-02 1.2844998573320796e+00 -1.2737314521120886e+00
-1.9069069069069071e+00 1.0880522756481518e-02 1.2953803800885610e+00 -1.2844998573320796e+00
-1.8968968968968971e+00 1.0994393900272308e-02 1.3063747739888334e+00 -1.2953803800885610e+00
-1.8868868868868871e+00 1.1110055273471508e-02 1.3174848292623049e+00 -1.3063747739888334e+00
-1.8768768768768771e+00 1.1227544455462724e-02 1.3287123737177677e+00 -1.3174848292623049e+00
-1.8668668668668671e+00 1.1346900012968194e-02 1.3400592737307360e+00 -1.3287123737177677e+00
-1.8568568568568571e+00 1.1468161531214521e-02 1.3515274352619504e+00 -1.3400592737307360e+00
-1.8468468468468471e+00 1.1591369646247313e-02 1.3631188049081977e+00 -1.3515274352619504e+00
-1.8368368368368371e+00 1.1716566078443198e-02 1.3748353709866410e+00 -1.3631188049081977e+00
-1.8268268268268271e+00 1.1843793667269906e-02 1.3866791646539109e+00 -1.3748353709866410e+00
-1.8168168168168171e+00 1.1973096407347651e-02 1.3986522610612586e+00 -1.3866791646539109e+00
-1.8068068068068071e+00 1.2104519485867476e-02 1.4107567805471262e+00 -1.3986522610612586e+00
-1.7967967967967970e+00 1.2238109321424983e-02 1.4229948898685512e+00 -1.4107567805471262e+00
-1.7867867867867866e+00 1.2373913604330699e-02 1.4353688034728818e+00 -1.4229948898685512e+00
-1.7767767767767766e+00 1.2511981338461221e-02 1.4478807848113431e+00 -1.4353688034728818e+00
-1.7667667667667666e+00 1.2652362884718609e-02 1.4605331476960617e+00 -1.4478807848113431e+00
-1.7567567567567566e+00 1.2795110006168574e-02 1.4733282577022302e+00 -1.4605331476960617e+00
-1.7467467467467466e+00 1.2940275914931697e-02 1.4862685336171619e+00 -1.4733282577022302e+00
-1.7367367367367366e+00 1.3087915320905532e-02 1.4993564489380675e+00 -1.4862685336171619e+00
-1.7267267267267266e+00 1.3238084482399244e-02 1.5125945334204667e+00 -1.4993564489380675e+00
-1.7167167167167166e+00 1.3390841258766800e-02 1.5259853746792336e+00 -1.5125945334204667e+00
-1.7067067067067065e+00 1.3546245165128701e-02 1.5395316198443623e+00 -1.5259853746792336e+00
-1.6966966966966965e+00 1.3704357429277142e-02 1.5532359772736395e+00 -1.5395316198443623e+00
-1.6866866866866865e+00 1.3865241050864185e-02 1.5671012183245037e+00 -1.5532359772736395e+00
-1.6766766766766765e+00 1.4028960862977592e-02 1.5811301791874812e+00 -1.5671012183245037e+00
-1.6666666666666665e+00 1.4195583596214515e-02 1.5953257627836956e+00 -1.5811301791874812e+00
-1.6566566566566565e+00 1.4365177945368795e-02 1.6096909407290645e+00 -1.5953257627836956e+00
-1.6466466466466465e+00 1.4537814638853810e-02 1.6242287553679182e+00 -1.6096909407290645e+00
-1.6366366366366365e+00 1.4713566510989033e-02 1.6389423218789072e+00 -1.6242287553679182e+00
-1.6266266266266265e+00 1.4892508577285465e-02 1.6538348304561927e+00 -1.6389423218789072e+00
-1.6166166166166165e+00 1.5074718112871947e-02 1.6689095485690646e+00 -1.6538348304561927e+00
-1.6066066066066065e+00 1.5260274734212310e-02 1.6841698233032769e+00 -1.6689095485690646e+00
-1.5965965965965965e+00 1.5449260484270984e-02 1.6996190837875480e+00 -1.6841698233032769e+00
-1.5865865865865865e+00 1.5641759921293505e-02 1.7152608437088415e+00 -1.6996190837875480e+00
-1.5765765765765765e+00 1.5837860211377144e-02 1.7310987039202186e+00 -1.7152608437088415e+00
-1.5665665665665665e+00 1.6037651225016603e-02 1.7471363551452352e+00 -1.7310987039202186e+00
-1.5565565565565564e+00 1.6241225637819798e-02 1.7633775807830550e+00 -1.7471363551452352e+00
-1.5465465465465464e+00 1.6448679035599423e-02 1.7798262598186543e+00 -1.7633775807830550e+00
-1.5365365365365364e+00 1.6660110024057647e-02 1.7964863698427118e+00 -1.7798262598186543e+00
-1.5265265265265264e+00 1.6875620343293065e-02 1.8133619901860050e+00 -1.7964863698427118e+00
-1.5165165165165164e+00 1.7095314987372264e-02 1.8304573051733772e+00 -1.8133619901860050e+00
-1.5065065065065064e+00 1.7319302329221700e-02 1.8477766075025990e+00 -1.8304573051733772e+00
-1.4964964964964964e+00 1.7547694251110350e-02 1.8653243017537093e+00 -1.8477766075025990e+00
-1.4864864864864864e+00 1.7780606281008915e-02 1.8831049080347182e+00 -1.8653243017537093e+00
-1.4764764764764764e+00 1.8018157735127788e-02 1.9011230657698459e+00 -1.8831049080347182e+00
-1.4664664664664664e+00 1.8260471866953534e-02 1.9193835376367994e+00 -1.9011230657698459e+00
-1.4564564564564564e+00 1.8507676023122036e-02 1.9378912136599213e+00 -1.9193835376367994e+00
-1.4464464464464464e+00 1.8759901806486508e-02 1.9566511154664079e+00 -1.9378912136599213e+00
-1.4364364364364364e+00 1.9017285246759320e-02 1.9756684007131673e+00 -1.9566511154664079e+00
-1.4264264264264264e+00 1.9279966979129322e-02 1.9949483676922966e+00 -1.9756684007131673e+00
-1.4164164164164164e+00 1.9548092431280004e-02 2.0144964601235764e+00 -1.9949483676922963e+00
-1.4064064064064064e+00 1.9821812019259474e-02 2.0343182721428357e+00 -2.0144964601235764e+00
-1.3963963963963963e+00 2.0101281352680335e-02 2.0544195534955159e+00 -2.0343182721428357e+00
-1.3863863863863863e+00 2.0386661449756552e-02 2.0748062149452724e+00 -2.0544195534955159e+00
-1.3763763763763763e+00 2.0678118962715319e-02 2.0954843339079878e+00 -2.0748062149452724e+00
-1.3663663663663663e+00 2.0975826414154960e-02 2.1164601603221427e+00 -2.0954843339079878e+00
-1.3563563563563563e+00 2.1279962444955211e-02 2.1377401227670978e+00 -2.1164601603221427e+00
-1.3463463463463463e+00 2.1590712074383782e-02 2.1593308348414815e+00 -2.1377401227670978e+00
-1.3363363363363363e+00 2.1908266973083550e-02 2.1812391018145649e+00 -2.1593308348414815e+00
-1.3263263263263263e+00 2.2232825749667635e-02 2.2034719275642325e+00 -2.1812391018145649e+00
-1.3163163163163163e+00 2.2564594251695724e-02 2.2260365218159284e+00 -2.2034719275642325e+00
-1.3063063063063063e+00 2.2903785881854315e-02 2.2489403076977825e+00 -2.2260365218159284e+00
-1.2962962962962963e+00 2.3250621930216243e-02 2.2721909296279987e+00 -2.2489403076977825e+00
-1.2862862862862863e+00 2.3605331923511424e-02 2.2957962615515100e+00 -2.2721909296279987e+00
-1.2762762762762763e+00 2.3968153992401191e-02 2.3197644155439110e+00 -2.2957962615515100e+00
-1.2662662662662663e+00 2.4339335257813538e-02 2.3441037508017244e+00 -2.3197644155439110e+00
-1.2562562562562563e+00 2.4719132237466114e-02 2.3688228830391904e+00 -2.3441037508017244e+00
-1.2462462462462462e+00 2.5107811273778369e-02 2.3939306943129690e+00 -2.3688228830391909e+00
-1.2362362362362362e+00 2.5505648984454503e-02 2.4194363432974235e+00 -2.3939306943129690e+00
-1.2262262262262262e+00 2.5912932737104523e-02 2.4453492760345279e+00 -2.4194363432974235e+00
-1.2162162162162162e+00 2.6329961149363389e-02 2.4716792371838912e+00 -2.4453492760345279e+00
-1.2062062062062062e+00 2.6757044616067087e-02 2.4984362817999584e+00 -2.4716792371838912e+00
-1.1961961961961962e+00 2.7194505865151462e-02 2.5256307876651096e+00 -2.4984362817999584e+00
-1.1861861861861862e+00 2.7642680544053937e-02 2.5532734682091633e+00 -2.5256307876651096e+00
-1.1761761761761762e+00 2.8101917838522037e-02 2.5813753860476853e+00 -2.5532734682091633e+00
-1.1661661661661662e+00 2.8572581125865068e-02 2.6099479671735506e+00 -2.5813753860476853e+00
-1.1561561561561562e+00 2.9055048664828689e-02 2.6390030158383793e+00 -2.6099479671735506e+00
-1.1461461461461462e+00 2.9549714324425810e-02 2.6685527301628049e+00 -2.6390030158383793e+00
-1.1361361361361362e+00 3.0056988354223720e-02 2.6986097185170288e+00 -2.6685527301628049e+00
-1.1261261261261262e+00 3.0577298198766083e-02 2.7291870167157950e+00 -2.6986097185170288e+00
-1.1161161161161162e+00 3.1111089359001847e-02 2.7602981060747966e+00 -2.7291870167157950e+00
-1.1061061061061062e+00 3.1658826303801471e-02 2.7919569323785982e+00 -2.7602981060747966e+00
-1.0960960960960962e+00 3.2220993434866167e-02 2.8241779258134643e+00 -2.7919569323785982e+00
-1.0860860860860861e+00 3.2798096108578804e-02 2.8569760219220433e+00 -2.8241779258134643e+00
-1.0760760760760761e+00 3.3390661718608272e-02 2.8903666836406514e+00 -2.8569760219220433e+00
-1.0660660660660661e+00 3.3999240843362928e-02 2.9243659244840146e+00 -2.8903666836406514e+00
-1.0560560560560561e+00 3.4624408462696536e-02 2.9589903329467111e+00 -2.9243659244840146e+00
-1.0460460460460461e+00 3.5266765248602519e-02 2.9942570981953138e+00 -2.9589903329467111e+00
-1.0360360360360361e+00 3.5926938934992672e-02 3.0301840371303066e+00 -2.9942570981953138e+00
-1.0260260260260261e+00 3.6605585772046596e-02 3.0667896229023532e+00 -3.0301840371303066e+00
-1.0160160160160161e+00 3.7303392071041129e-02 3.1040930149733943e+00 -3.0667896229023532e+00
-1.0060060060060061e+00 3.8021075846027132e-02 3.1421140908194216e+00 -3.1040930149733943e+00
-9.9599599599599564e-01 3.8759388559218677e-02 3.1808734793786404e+00 -3.1421140908194216e+00
-9.8598598598598564e-01 3.9519116977498624e-02 3.2203925963561391e+00 -3.1808734793786404e+00
-9.7597597597597563e-01 4.0301085148031254e-02 3.2606936815041703e+00 -3.2203925963561391e+00
-9.6596596596596562e-01 4.1106156501607656e-02 3.3017998380057780e+00 -3.2606936815041703e+00
-9.5595595595595562e-01 4.1935236093041700e-02 3.3437350740988196e+00 -3.3017998380057780e+00
-9.4594594594594561e-01 4.2789272988685408e-02 3.3865243470875050e+00 -3.3437350740988196e+00
-9.3593593593593560e-01 4.3669262811949432e-02 3.4301936098994545e+00 -3.3865243470875050e+00
-9.2592592592592560e-01 4.4576250458603431e-02 3.4747698603580579e+00 -3.4301936098994545e+00
-9.1591591591591559e-01 4.5511332994598051e-02 3.5202811933526559e+00 -3.4747698603580579e+00
-9.0590590590590558e-01 4.6475662750203470e-02 3.5667568561028595e+00 -3.5202811933526559e+00
-8.9589589589589558e-01 4.7470450625405947e-02 3.6142273067282655e+00 -3.5667568561028595e+00
-8.8588588588588557e-01 4.8496969622753267e-02 3.6627242763510188e+00 -3.6142273067282655e+00
-8.7587587587587556e-01 4.9556558625201183e-02 3.7122808349762200e+00 -3.6627242763510188e+00
-8.6586586586586556e-01 5.0650626437996775e-02 3.7629314614142166e+00 -3.7122808349762200e+00
-8.5585585585585555e-01 5.1780656115253079e-02 3.8147121175294698e+00 -3.7629314614142166e+00
-8.4584584584584555e-01 5.2948209593633014e-02 3.8676603271231027e+00 -3.8147121175294698e+00
-8.3583583583583554e-01 5.4154932657486277e-02 3.9218152597805891e+00 -3.8676603271231027e+00
-8.2582582582582553e-01 5.5402560261881797e-02 3.9772178200424708e+00 -3.9218152597805891e+00
-8.1581581581581553e-01 5.6692922242269898e-02 4.0339107422847409e+00 -3.9772178200424708e+00
-8.0580580580580552e-01 5.8027949442007787e-02 4.0919386917267486e+00 -4.0339107422847409e+00
-7.9579579579579551e-01 5.9409680291709614e-02 4.1513483720184583e+00 -4.0919386917267486e+00
-7.8578578578578551e-01 6.0840267877358384e-02 4.2121886398958166e+00 -4.1513483720184583e+00
-7.7577577577577550e-01 6.2321987537363524e-02 4.2745106274331803e+00 -4.2121886398958166e+00
-7.6576576576576549e-01 6.3857245032288873e-02 4.3383678724654695e+00 -4.2745106274331803e+00
-7.5575575575575549e-01 6.5448585334836107e-02 4.4038164578003052e+00 -4.3383678724654686e+00
-7.4574574574574548e-01 6.7098702091877307e-02 4.4709151598921828e+00 -4.4038164578003052e+00
-7.3573573573573547e-01 6.8810447814911982e-02 4.5397256077070951e+00 -4.4709151598921828e+00
-7.2572572572572547e-01 7.0586844860313913e-02 4.6103124525674088e+00 -4.5397256077070951e+00
-7.1571571571571546e-01 7.2431097266157068e-02 4.6827435498335657e+00 -4.6103124525674088e+00
-7.0570570570570545e-01 7.4346603518304272e-02 4.7570901533518697e+00 -4.6827435498335657e+00
-6.9569569569569545e-01 7.6336970324835718e-02 4.8334271236767057e+00 -4.7570901533518697e+00
-6.8568568568568544e-01 7.8406027484820492e-02 4.9118331511615265e+00 -4.8334271236767057e+00
-6.7567567567567544e-01 8.0557843944921784e-02 4.9923909951064482e+00 -4.9118331511615265e+00
-6.6566566566566543e-01 8.2796745145402778e-02 5.0751877402518506e+00 -4.9923909951064482e+00
-6.5565565565565542e-01 8.5127331765786518e-02 5.1603150720176370e+00 -5.0751877402518506e+00
-6.4564564564564542e-01 8.7554499989735662e-02 5.2478695720073727e+00 -5.1603150720176370e+00
-6.3563563563563541e-01 9.0083463418658652e-02 5.3379530354260316e+00 -5.2478695720073727e+00
-6.2562562562562540e-01 9.2719776774109461e-02 5.4306728122001413e+00 -5.3379530354260316e+00
-6.1561561561561540e-01 9.5469361540196737e-02 5.5261421737403378e+00 -5.4306728122001413e+00
-6.0560560560560539e-01 9.8338533708898196e-02 5.6244807074492362e+00 -5.5261421737403378e+00
-5.9559559559559538e-01 1.0133403380329406e-01 5.7258147412525302e+00 -5.6244807074492362e+00
-5.8558558558558538e-01 1.0446305936615068e-01 5.8302778006186813e+00 -5.7258147412525302e+00
-5.7557557557557537e-01 1.0773330011380002e-01 5.9380111007324814e+00 -5.8302778006186813e+00
-5.6556556556556536e-01 1.1115297596759242e-01 6.0491640767000741e+00 -5.9380111007324814e+00
-5.5555555555555536e-01 1.1473087818696891e-01 6.1638949548870432e+00 -6.0491640767000741e+00
-5.4554554554554535e-01 1.1847641383888609e-01 6.2823713687259293e+00 -6.1638949548870432e+00
-5.3553553553553535e-01 1.2239965384725771e-01 6.4047710225731871e+00 -6.2823713687259293e+00
-5.2552552552552534e-01 1.2651138487234667e-01 6.5312824074455333e+00 -6.4047710225731871e+00
-5.1551551551551533e-01 1.3082316527248822e-01 6.6621055727180218e+00 -6.5312824074455333e+00
-5.0550550550550533e-01 1.3534738539763211e-01 6.7974529581156542e+00 -6.6621055727180218e+00
-4.9549549549549532e-01 1.4009733245400596e-01 6.9375502905696598e+00 -6.7974529581156542e+00
-4.8548548548548531e-01 1.4508726015922374e-01 7.0826375507288839e+00 -6.9375502905696598e+00
-4.7547547547547531e-01 1.5033246337419831e-01 7.2329700141030822e+00 -7.0826375507288839e+00
-4.6546546546546530e-01 1.5584935784819420e-01 7.3888193719512767e+00 -7.2329700141030822e+00
-4.5545545545545529e-01 1.6165556514113433e-01 7.5504749370924111e+00 -7.3888193719512767e+00
-4.4544544544544529e-01 1.6777000268633471e-01 7.7182449397787458e+00 -7.5504749370924111e+00
-4.3543543543543528e-01 1.7421297881900485e-01 7.8924579185977510e+00 -7.7182449397787458e+00
-4.2542542542542527e-01 1.8100629241083827e-01 8.0734642110085897e+00 -7.8924579185977510e+00
-4.1541541541541527e-01 1.8817333650600562e-01 8.2616375475145958e+00 -8.0734642110085897e+00
-4.0540540540540526e-01 1.9573920503288544e-01 8.4573767525474821e+00 -8.2616375475145958e+00
-3.9539539539539525e-01 2.0373080124916670e-01 8.6611075537966489e+00 -8.4573767525474821e+00
-3.8538538538538525e-01 2.1217694604120324e-01 8.8732844998378528e+00 -8.6611075537966489e+00
-3.7537537537537524e-01 2.2110848351192600e-01 9.0943929833497794e+00 -8.8732844998378528e+00
-3.6536536536536524e-01 2.3055838041909851e-01 9.3249513637688786e+00 -9.0943929833497794e+00
-3.5535535535535523e-01 2.4056181492378453e-01 9.5655131786926635e+00 -9.3249513637688786e+00
-3.4534534534534522e-01 2.5115624872597486e-01 9.8166694274186383e+00 -9.5655131786926635e+00
-3.3533533533533522e-01 2.6238147493996533e-01 1.0079050902358604e+01 -9.8166694274186383e+00
-3.2532532532532521e-01 2.7427963192699678e-01 1.0353330534285600e+01 -1.0079050902358604e+01
-3.1531531531531520e-01 2.8689517067945808e-01 1.0640225704965058e+01 -1.0353330534285600e+01
-3.0530530530530520e-01 3.0027476015652799e-01 1.0940500465121586e+01 -1.0640225704965058e+01
-2.9529529529529519e-01 3.1446711112147446e-01 1.1254967576243061e+01 -1.0940500465121586e+01
-2.8528528528528518e-01 3.2952269444956245e-01 1.1584490270692623e+01 -1.1254967576243061e+01
-2.7527527527527518e-01 3.4549332450791498e-01 1.1929983595200538e+01 -1.1584490270692623e+01
-2.6526526526526517e-01 3.6243157204355292e-01 1.2292415167244091e+01 -1.1929983595200538e+01
-2.5525525525525516e-01 3.8038996411836157e-01 1.2672805131362452e+01 -1.2292415167244091e+01
-2.4524524524524516e-01 3.9941992118868547e-01 1.3072225052551138e+01 -1.2672805131362452e+01
-2.3523523523523515e-01 4.1957037382085310e-01 1.3491795426371992e+01 -1.3072225052551138e+01
-2.2522522522522515e-01 4.4088599441780590e-01 1.3932681420789798e+01 -1.3491795426371992e+01
-2.1521521521521514e-01 4.6340497375124567e-01 1.4396086394541044e+01 -1.3932681420789798e+01
-2.0520520520520513e-01 4.8715626961680675e-01 1.4883242664157850e+01 -1.4396086394541044e+01
-1.9519519519519513e-01 5.1215625779395346e-01 1.5395398921951804e+01 -1.4883242664157850e+01
-1.8518518518518512e-01 5.3840472673559836e-01 1.5933803648687402e+01 -1.5395398921951804e+01
-1.7517517517517511e-01 5.6588018094539339e-01 1.6499683829632794e+01 -1.5933803648687400e+01
-1.6516516516516511e-01 5.9453445853930553e-01 1.7094218288172101e+01 -1.6499683829632794e+01
-1.5515515515515510e-01 6.2428673123044431e-01 1.7718505019402546e+01 -1.7094218288172101e+01
-1.4514514514514509e-01 6.5501704486534107e-01 1.8373522064267888e+01 -1.7718505019402546e+01
-1.3513513513513509e-01 6.8655967903711146e-01 1.9060081743304998e+01 -1.8373522064267888e+01
-1.2512512512512508e-01 7.1869675492177176e-01 1.9778778498226771e+01 -1.9060081743304998e+01
-1.1511511511511507e-01 7.5115269458824385e-01 2.0529931192815013e+01 -1.9778778498226771e+01
-1.0510510510510507e-01 7.8359031615246566e-01 2.1313521508967479e+01 -2.0529931192815013e+01
-9.5095095095095061e-02 8.1560950813402133e-01 2.2129131017101500e+01 -2.1313521508967479e+01
-8.5085085085085055e-02 8.4674952020403427e-01 2.2975880537305535e+01 -2.2129131017101500e+01
-7.5075075075075048e-02 8.7649588187868532e-01 2.3852376419184221e+01 -2.2975880537305535e+01
-6.5065065065065042e-02 9.0429275859756852e-01 2.4756669177781788e+01 -2.3852376419184221e+01
-5.5055055055055035e-02 9.2956113208882796e-01 2.5686230309870616e+01 -2.4756669177781788e+01
-4.5045045045045029e-02 9.5172253978062726e-01 2.6637952849651242e+01 -2.5686230309870616e+01
-3.5035035035035023e-02 9.7022727405295994e-01 2.7608180123704201e+01 -2.6637952849651242e+01
-2.5025025025025016e-02 9.8458504418789572e-01 2.8592765167892097e+01 -2.7608180123704201e+01
-1.5015015015015010e-02 9.9439532256039609e-01 2.9587160490452494e+01 -2.8592765167892097e+01
-5.0050050050050032e-03 9.9937414006845404e-01 3.0586534630520948e+01 -2.9587160490452494e+01
5.0050050050050032e-03 9.9937414006845404e-01 3.1585908770589402e+01 -3.0586534630520948e+01
1.5015015015015010e-02 9.9439532256039609e-01 3.2580304093149799e+01 -3.1585908770589402e+01
2.5025025025025016e-02 9.8458504418789572e-01 3.3564889137337694e+01 -3.2580304093149799e+01
3.5035035035035023e-02 9.7022727405295994e-01 3.4535116411390653e+01 -3.3564889137337694e+01
4.5045045045045029e-02 9.5172253978062726e-01 3.5486838951171279e+01 -3.4535116411390653e+01
5.5055055055055035e-02 9.2956113208882796e-01 3.6416400083260108e+01 -3.5486838951171279e+01
6.5065065065065042e-02 9.0429275859756852e-01 3.7320692841857678e+01 -3.6416400083260108e+01
7.5075075075075048e-02 8.7649588187868532e-01 3.8197188723736360e+01 -3.7320692841857678e+01
8.5085085085085055e-02 8.4674952020403427e-01 3.9043938243940396e+01 -3.8197188723736360e+01
9.5095095095095061e-02 8.1560950813402133e-01 3.9859547752074420e+01 -3.9043938243940396e+01
1.0510510510510507e-01 7.8359031615246566e-01 4.0643138068226882e+01 -3.9859547752074420e+01
1.1511511511511507e-01 7.5115269458824385e-01 4.1394290762815125e+01 -4.0643138068226882e+01
1.2512512512512508e-01 7.1869675492177176e-01 4.2112987517736897e+01 -4.1394290762815125e+01
1.3513513513513509e-01 6.8655967903711146e-01 4.2799547196774007e+01 -4.2112987517736897e+01
1.4514514514514509e-01 6.5501704486534107e-01 4.3454564241639346e+01 -4.2799547196774007e+01
1.5515515515515510e-01 6.2428673123044431e-01 4.4078850972869787e+01 -4.3454564241639346e+01
1.6516516516516511e-01 5.9453445853930553e-01 4.4673385431409095e+01 -4.4078850972869787e+01
1.7517517517517511e-01 5.6588018094539339e-01 4.5239265612354487e+01 -4.4673385431409095e+01
1.8518518518518512e-01 5.3840472673559836e-01 4.5777670339090086e+01 -4.5239265612354487e+01
1.9519519519519513e-01 5.1215625779395346e-01 4.6289826596884041e+01 -4.5777670339090086e+01
2.0520520520520513e-01 4.8715626961680675e-01 4.6776982866500845e+01 -4.6289826596884041e+01
2.1521521521521514e-01 4.6340497375124567e-01 4.7240387840252090e+01 -4.6776982866500845e+01
2.2522522522522515e-01 4.4088599441780590e-01 4.7681273834669895e+01 -4.7240387840252090e+01
2.3523523523523515e-01 4.1957037382085310e-01 4.8100844208490749e+01 -4.7681273834669895e+01
2.4524524524524516e-01 3.9941992118868547e-01 4.8500264129679437e+01 -4.8100844208490749e+01
2.5525525525525516e-01 3.8038996411836157e-01 4.8880654093797801e+01 -4.8500264129679437e+01
2.6526526526526517e-01 3.6243157204355292e-01 4.9243085665841356e+01 -4.8880654093797801e+01
2.7527527527527518e-01 3.4549332450791498e-01 4.9588578990349269e+01 -4.9243085665841356e+01
2.8528528528528518e-01 3.2952269444956245e-01 4.9918101684798835e+01 -4.9588578990349269e+01
2.9529529529529519e-01 3.1446711112147446e-01 5.0232568795920308e+01 -4.9918101684798835e+01
3.0530530530530520e-01 3.0027476015652799e-01 5.0532843556076834e+01 -5.0232568795920308e+01
3.1531531531531520e-01 2.8689517067945808e-01 5.0819738726756292e+01 -5.0532843556076834e+01
3.2532532532532521e-01 2.7427963192699678e-01 5.1094018358683286e+01 -5.0819738726756292e+01
3.3533533533533522e-01 2.6238147493996533e-01 5.1356399833623250e+01 -5.1094018358683286e+01
3.4534534534534522e-01 2.5115624872597486e-01 5.1607556082349227e+01 -5.1356399833623250e+01
3.5535535535535523e-01 2.4056181492378453e-01 5.1848117897273013e+01 -5.1607556082349227e+01
3.6536536536536524e-01 2.3055838041909851e-01 5.2078676277692111e+01 -5.1848117897273013e+01
3.7537537537537524e-01 2.2110848351192600e-01 5.2299784761204037e+01 -5.2078676277692111e+01
3.8538538538538525e-01 2.1217694604120324e-01 5.2511961707245241e+01 -5.2299784761204037e+01
3.9539539539539525e-01 2.0373080124916670e-01 5.2715692508494406e+01 -5.2511961707245241e+01
4.0540540540540526e-01 1.9573920503288544e-01 5.2911431713527293e+01 -5.2715692508494406e+01
4.1541541541541527e-01 1.8817333650600562e-01 5.3099605050033297e+01 -5.2911431713527293e+01
4.2542542542542527e-01 1.8100629241083827e-01 5.3280611342444132e+01 -5.3099605050033297e+01
4.3543543543543528e-01 1.7421297881900485e-01 5.3454824321263139e+01 -5.3280611342444132e+01
4.4544544544544529e-01 1.6777000268633471e-01 5.3622594323949471e+01 -5.3454824321263139e+01
4.5545545545545529e-01 1.6165556514113433e-01 5.3784249889090603e+01 -5.3622594323949471e+01
4.6546546546546530e-01 1.5584935784819420e-01 5.3940099246938800e+01 -5.3784249889090603e+01
4.7547547547547531e-01 1.5033246337419831e-01 5.4090431710312998e+01 -5.3940099246938800e+01
4.8548548548548531e-01 1.4508726015922374e-01 5.4235518970472221e+01 -5.4090431710312998e+01
4.9549549549549532e-01 1.4009733245400596e-01 5.4375616302926225e+01 -5.4235518970472221e+01
5.0550550550550533e-01 1.3534738539763211e-01 5.4510963688323855e+01 -5.4375616302926225e+01
5.1551551551551533e-01 1.3082316527248822e-01 5.4641786853596344e+01 -5.4510963688323855e+01
5.2552552552552534e-01 1.2651138487234667e-01 5.4768298238468688e+01 -5.4641786853596344e+01
5.3553553553553535e-01 1.2239965384725771e-01 5.4890697892315949e+01 -5.4768298238468688e+01
5.4554554554554535e-01 1.1847641383888609e-01 5.5009174306154833e+01 -5.4890697892315949e+01
5.5555555555555536e-01 1.1473087818696891e-01 5.5123905184341801e+01 -5.5009174306154833e+01
5.6556556556556536e-01 1.1115297596759242e-01 5.5235058160309393e+01 -5.5123905184341801e+01
5.7557557557557537e-01 1.0773330011380002e-01 5.5342791460423193e+01 -5.5235058160309393e+01
5.8558558558558538e-01 1.0446305936615068e-01 5.5447254519789347e+01 -5.5342791460423193e+01
5.9559559559559538e-01 1.0133403380329406e-01 5.5548588553592644e+01 -5.5447254519789347e+01
6.0560560560560539e-01 9.8338533708898196e-02 5.5646927087301542e+01 -5.5548588553592644e+01
6.1561561561561540e-01 9.5469361540196737e-02 5.5742396448841738e+01 -5.5646927087301542e+01
6.2562562562562540e-01 9.2719776774109461e-02 5.5835116225615849e+01 -5.5742396448841738e+01
6.3563563563563541e-01 9.0083463418658652e-02 5.5925199689034507e+01 -5.5835116225615849e+01
6.4564564564564542e-01 8.7554499989735662e-02 5.6012754189024243e+01 -5.5925199689034507e+01
6.5565565565565542e-01 8.5127331765786518e-02 5.6097881520790033e+01 -5.6012754189024243e+01
6.6566566566566543e-01 8.2796745145402778e-02 5.6180678265935434e+01 -5.6097881520790033e+01
6.7567567567567544e-01 8.0557843944921784e-02 5.6261236109880358e+01 -5.6180678265935434e+01
6.8568568568568544e-01 7.8406027484820492e-02 5.6339642137365175e+01 -5.6261236109880358e+01
6.9569569569569545e-01 7.6336970324835718e-02 5.6415979107690013e+01 -5.6339642137365175e+01
7.0570570570570545e-01 7.4346603518304272e-02 5.6490325711208321e+01 -5.6415979107690013e+01
7.1571571571571546e-01 7.2431097266157068e-02 5.6562756808474475e+01 -5.6490325711208321e+01
7.2572572572572547e-01 7.0586844860313913e-02 5.6633343653334791e+01 -5.6562756808474475e+01
7.3573573573573547e-01 6.8810447814911982e-02 5.6702154101149702e+01 -5.6633343653334791e+01
7.4574574574574548e-01 6.7098702091877307e-02 5.6769252803241578e+01 -5.6702154101149702e+01
7.5575575575575549e-01 6.5448585334836107e-02 5.6834701388576413e+01 -5.6769252803241578e+01
7.6576576576576549e-01 6.3857245032288873e-02 5.6898558633608701e+01 -5.6834701388576413e+01
7.7577577577577550e-01 6.2321987537363524e-02 5.6960880621146067e+01 -5.6898558633608701e+01
7.8578578578578551e-01 6.0840267877358384e-02 5.7021720889023428e+01 -5.6960880621146067e+01
7.9579579579579551e-01 5.9409680291709614e-02 5.7081130569315135e+01 -5.7021720889023428e+01
8.0580580580580552e-01 5.8027949442007787e-02 5.7139158518757142e+01 -5.7081130569315135e+01
8.1581581581581553e-01 5.6692922242269898e-02 5.7195851440999412e+01 -5.7139158518757142e+01
8.2582582582582553e-01 5.5402560261881797e-02 5.7251254001261294e+01 -5.7195851440999412e+01
8.3583583583583554e-01 5.4154932657486277e-02 5.7305408933918784e+01 -5.7251254001261294e+01
8.4584584584584555e-01 5.2948209593633014e-02 5.7358357143512414e+01 -5.7305408933918784e+01
8.5585585585585555e-01 5.1780656115253079e-02 5.7410137799627670e+01 -5.7358357143512414e+01
8.6586586586586556e-01 5.0650626437996775e-02 5.7460788426065669e+01 -5.7410137799627670e+01
8.7587587587587556e-01 4.9556558625201183e-02 5.7510344984690867e+01 -5.7460788426065669e+01
8.8588588588588557e-01 4.8496969622753267e-02 5.7558841954313621e+01 -5.7510344984690867e+01
8.9589589589589558e-01 4.7470450625405947e-02 5.7606312404939025e+01 -5.7558841954313621e+01
9.0590590590590558e-01 4.6475662750203470e-02 5.7652788067689229e+01 -5.7606312404939025e+01
9.1591591591591559e-01 4.5511332994598051e-02 5.7698299400683830e+01 -5.7652788067689229e+01
9.2592592592592560e-01 4.4576250458603431e-02 5.7742875651142434e+01 -5.7698299400683830e+01
9.3593593593593560e-01 4.3669262811949432e-02 5.7786544913954380e+01 -5.7742875651142434e+01
9.4594594594594561e-01 4.2789272988685408e-02 5.7829334186943065e+01 -5.7786544913954380e+01
9.5595595595595562e-01 4.1935236093041700e-02 5.7871269423036104e+01 -5.7829334186943065e+01
9.6596596596596562e-01 4.1106156501607656e-02 5.7912375579537709e+01 -5.7871269423036104e+01
9.7597597597597563e-01 4.0301085148031254e-02 5.7952676664685740e+01 -5.7912375579537709e+01
9.8598598598598564e-01 3.9519116977498624e-02 5.7992195781663241e+01 -5.7952676664685740e+01
9.9599599599599564e-01 3.8759388559218677e-02 5.8030955170222462e+01 -5.7992195781663241e+01
1.0060060060060056e+00 3.8021075846027166e-02 5.8068976246068488e+01 -5.8030955170222462e+01
1.0160160160160157e+00 3.7303392071041164e-02 5.8106279638139526e+01 -5.8068976246068488e+01
1.0260260260260257e+00 3.6605585772046631e-02 5.8142885223911570e+01 -5.8106279638139526e+01
1.0360360360360357e+00 3.5926938934992707e-02 5.8178812162846562e+01 -5.8142885223911570e+01
1.0460460460460457e+00 3.5266765248602561e-02 5.8214078928095162e+01 -5.8178812162846562e+01
1.0560560560560557e+00 3.4624408462696564e-02 5.8248703336557860e+01 -5.8214078928095162e+01
1.0660660660660657e+00 3.3999240843362956e-02 5.8282702577401224e+01 -5.8248703336557860e+01
1.0760760760760757e+00 3.3390661718608300e-02 5.8316093239119830e+01 -5.8282702577401224e+01
1.0860860860860857e+00 3.2798096108578832e-02 5.8348891335228409e+01 -5.8316093239119830e+01
1.0960960960960957e+00 3.2220993434866188e-02 5.8381112328663278e+01 -5.8348891335228409e+01
1.1061061061061057e+00 3.1658826303801492e-02 5.8412771154967082e+01 -5.8381112328663278e+01
1.1161161161161157e+00 3.1111089359001864e-02 5.8443882244326083e+01 -5.8412771154967082e+01
1.1261261261261257e+00 3.0577298198766110e-02 5.8474459542524848e+01 -5.8443882244326083e+01
1.1361361361361357e+00 3.0056988354223747e-02 5.8504516530879073e+01 -5.8474459542524848e+01
1.1461461461461457e+00 2.9549714324425835e-02 5.8534066245203498e+01 -5.8504516530879073e+01
1.1561561561561557e+00 2.9055048664828706e-02 5.8563121293868328e+01 -5.8534066245203498e+01
1.1661661661661658e+00 2.8572581125865092e-02 5.8591693874994192e+01 -5.8563121293868328e+01
1.1761761761761758e+00 2.8101917838522054e-02 5.8619795792832711e+01 -5.8591693874994192e+01
1.1861861861861858e+00 2.7642680544053961e-02 5.8647438473376766e+01 -5.8619795792832711e+01
1.1961961961961958e+00 2.7194505865151482e-02 5.8674632979241920e+01 -5.8647438473376766e+01
1.2062062062062058e+00 2.6757044616067108e-02 5.8701390023857989e+01 -5.8674632979241920e+01
1.2162162162162158e+00 2.6329961149363409e-02 5.8727719985007354e+01 -5.8701390023857989e+01
1.2262262262262258e+00 2.5912932737104544e-02 5.8753632917744461e+01 -5.8727719985007354e+01
1.2362362362362358e+00 2.5505648984454520e-02 5.8779138566728918e+01 -5.8753632917744461e+01
1.2462462462462458e+00 2.5107811273778383e-02 5.8804246378002695e+01 -5.8779138566728918e+01
1.2562562562562558e+00 2.4719132237466131e-02 5.8828965510240160e+01 -5.8804246378002695e+01
1.2662662662662658e+00 2.4339335257813555e-02 5.8853304845497973e+01 -5.8828965510240160e+01
1.2762762762762758e+00 2.3968153992401209e-02 5.8877272999490373e+01 -5.8853304845497973e+01
1.2862862862862858e+00 2.3605331923511438e-02 5.8900878331413885e+01 -5.8877272999490373e+01
1.2962962962962958e+00 2.3250621930216257e-02 5.8924128953344102e+01 -5.8900878331413885e+01
1.3063063063063058e+00 2.2903785881854329e-02 5.8947032739225953e+01 -5.8924128953344102e+01
1.3163163163163158e+00 2.2564594251695737e-02 5.8969597333477651e+01 -5.8947032739225953e+01
1.3263263263263259e+00 2.2232825749667649e-02 5.8991830159227320e+01 -5.8969597333477651e+01
1.3363363363363359e+00 2.1908266973083564e-02 5.9013738426200405e+01 -5.8991830159227320e+01
1.3463463463463459e+00 2.1590712074383796e-02 5.9035329138274790e+01 -5.9013738426200405e+01
1.3563563563563559e+00 2.1279962444955225e-02 5.9056609100719747e+01 -5.9035329138274790e+01
1.3663663663663659e+00 2.0975826414154974e-02 5.9077584927133906e+01 -5.9056609100719747e+01
1.3763763763763759e+00 2.0678118962715330e-02 5.9098263046096619e+01 -5.9077584927133906e+01
1.3863863863863859e+00 2.0386661449756566e-02 5.9118649707546375e+01 -5.9098263046096619e+01
1.3963963963963959e+00 2.0101281352680349e-02 5.9138750988899055e+01 -5.9118649707546375e+01
1.4064064064064059e+00 1.9821812019259488e-02 5.9158572800918314e+01 -5.9138750988899055e+01
1.4164164164164168e+00 1.9548092431279990e-02 5.9178120893349593e+01 -5.9158572800918314e+01
1.4264264264264268e+00 1.9279966979129311e-02 5.9197400860328720e+01 -5.9178120893349593e+01
1.4364364364364368e+00 1.9017285246759309e-02 5.9216418145575481e+01 -5.9197400860328720e+01
1.4464464464464468e+00 1.8759901806486495e-02 5.9235178047381964e+01 -5.9216418145575481e+01
1.4564564564564568e+00 1.8507676023122026e-02 5.9253685723405084e+01 -5.9235178047381964e+01
1.4664664664664668e+00 1.8260471866953520e-02 5.9271946195272037e+01 -5.9253685723405084e+01
1.4764764764764768e+00 1.8018157735127775e-02 5.9289964353007164e+01 -5.9271946195272037e+01
1.4864864864864868e+00 1.7780606281008901e-02 5.9307744959288172e+01 -5.9289964353007164e+01
1.4964964964964969e+00 1.7547694251110340e-02 5.9325292653539279e+01 -5.9307744959288172e+01
1.5065065065065069e+00 1.7319302329221690e-02 5.9342611955868499e+01 -5.9325292653539279e+01
1.5165165165165169e+00 1.7095314987372254e-02 5.9359707270855871e+01 -5.9342611955868499e+01
1.5265265265265269e+00 1.6875620343293055e-02 5.9376582891199163e+01 -5.9359707270855871e+01
1.5365365365365369e+00 1.6660110024057633e-02                 -nan                 -nan
1.5465465465465469e+00 1.6448679035599417e-02                 -nan                 -nan
1.5565565565565569e+00 1.6241225637819788e-02                 -nan                 -nan
1.5665665665665669e+00 1.6037651225016596e-02                 -nan                 -nan
1.5765765765765769e+00 1.5837860211377133e-02                 -nan                 -nan
1.5865865865865869e+00 1.5641759921293494e-02                 -nan                 -nan
1.5965965965965969e+00 1.5449260484270973e-02                 -nan                 -nan
1.6066066066066069e+00 1.5260274734212299e-02                 -nan                 -nan
1.6166166166166169e+00 1.5074718112871940e-02                 -nan                 -nan
1.6266266266266269e+00 1.4892508577285454e-02                 -nan                 -nan
1.6366366366366369e+00 1.4713566510989028e-02                 -nan                 -nan
1.6466466466466469e+00 1.4537814638853801e-02                 -nan                 -nan
1.6566566566566570e+00 1.4365177945368788e-02                 -nan                 -nan
1.6666666666666670e+00 1.4195583596214508e-02                 -nan                 -nan
1.6766766766766770e+00 1.4028960862977585e-02                 -nan                 -nan
1.6866866866866870e+00 1.3865241050864180e-02                 -nan                 -nan
1.6966966966966970e+00 1.3704357429277137e-02                 -nan                 -nan
1.7067067067067070e+00 1.3546245165128696e-02                 -nan                 -nan
1.7167167167167170e+00 1.3390841258766795e-02                 -nan                 -nan
1.7267267267267270e+00 1.3238084482399238e-02                 -nan                 -nan
1.7367367367367370e+00 1.3087915320905521e-02                 -nan                 -nan
1.7467467467467470e+00 1.2940275914931694e-02                 -nan                 -nan
1.7567567567567570e+00 1.2795110006168566e-02                 -nan                 -nan
1.7667667667667670e+00 1.2652362884718603e-02                 -nan                 -nan
1.7767767767767770e+00 1.2511981338461214e-02                 -nan                 -nan
1.7867867867867870e+00 1.2373913604330695e-02                 -nan                 -nan
1.7967967967967970e+00 1.2238109321424983e-02                 -nan                 -nan
1.8068068068068071e+00 1.2104519485867476e-02                 -nan                 -nan
1.8168168168168171e+00 1.1973096407347651e-02                 -nan                 -nan
1.8268268268268271e+00 1.1843793667269906e-02                 -nan                 -nan
1.8368368368368371e+00 1.1716566078443198e-02                 -nan                 -nan
1.8468468468468471e+00 1.1591369646247313e-02                 -nan                 -nan
1.8568568568568571e+00 1.1468161531214521e-02                 -nan                 -nan
1.8668668668668671e+00 1.1346900012968194e-02                 -nan                 -nan
1.8768768768768771e+00 1.1227544455462724e-02                 -nan                 -nan
1.8868868868868871e+00 1.1110055273471508e-02                 -nan                 -nan
1.8968968968968971e+00 1.0994393900272308e-02                 -nan                 -nan
1.9069069069069071e+00 1.0880522756481518e-02                 -nan                 -nan
1.9169169169169171e+00 1.0768405219991065e-02                 -nan                 -nan
1.9269269269269271e+00 1.0658005596963798e-02                 -nan                 -nan
1.9369369369369371e+00 1.0549289093845091e-02                 -nan                 -nan
1.9469469469469471e+00 1.0442221790350403e-02                 -nan                 -nan
1.9569569569569571e+00 1.0336770613390186e-02                 -nan                 -nan
1.9669669669669672e+00 1.0232903311895318e-02                 -nan                 -nan
1.9769769769769772e+00 1.0130588432507802e-02                 -nan                 -nan
1.9869869869869872e+00 1.0029795296103077e-02                 -nan                 -nan
1.9969969969969972e+00 9.9304939751116584e-03                 -nan                 -nan
2.0070070070070072e+00 9.8326552716092915e-03                 -nan                 -nan
2.0170170170170172e+00 9.7362506961461044e-03                 -nan                 -nan
2.0270270270270272e+00 9.6412524472865024e-03                 -nan                 -nan
2.0370370370370372e+00 9.5476333918327761e-03                 -nan                 -nan
2.0470470470470472e+00 9.4553670457064969e-03                 -nan                 -nan
2.0570570570570572e+00 9.3644275554629237e-03                 -nan                 -nan
2.0670670670670672e+00 9.2747896804146728e-03                 -nan                 -nan
2.0770770770770772e+00 9.1864287753418376e-03                 -nan                 -nan
2.0870870870870872e+00 9.0993207737668034e-03                 -nan                 -nan
2.0970970970970972e+00 9.0134421717728060e-03                 -nan                 -nan
2.1071071071071072e+00 8.9287700123462030e-03                 -nan                 -nan
2.1171171171171173e+00 8.8452818702232511e-03                 -nan                 -nan
2.1271271271271273e+00 8.7629558372229362e-03                 -nan                 -nan
2.1371371371371373e+00 8.6817705080481748e-03                 -nan                 -nan
2.1471471471471473e+00 8.6017049665384517e-03                 -nan                 -nan
2.1571571571571573e+00 8.5227387723575843e-03                 -nan                 -nan
2.1671671671671673e+00 8.4448519481010037e-03                 -nan                 -nan
2.1771771771771773e+00 8.3680249668075645e-03                 -nan                 -nan
2.1871871871871873e+00 8.2922387398614798e-03                 -nan                 -nan
2.1971971971971973e+00 8.2174746052705427e-03                 -nan                 -nan
2.2072072072072073e+00 8.1437143163073881e-03                 -nan                 -nan
2.2172172172172173e+00 8.0709400305010049e-03                 -nan                 -nan
2.2272272272272273e+00 7.9991342989662716e-03                 -nan                 -nan
2.2372372372372373e+00 7.9282800560597153e-03                 -nan                 -nan
2.2472472472472473e+00 7.8583606093502144e-03                 -nan                 -nan
2.2572572572572573e+00 7.7893596298937084e-03                 -nan                 -nan
2.2672672672672673e+00 7.7212611428015164e-03                 -nan                 -nan
2.2772772772772774e+00 7.6540495180921686e-03                 -nan                 -nan
2.2872872872872874e+00 7.5877094618170800e-03                 -nan                 -nan
2.2972972972972974e+00 7.5222260074507960e-03                 -nan                 -nan
2.3073073073073074e+00 7.4575845075368083e-03                 -nan                 -nan
2.3173173173173174e+00 7.3937706255803783e-03                 -nan                 -nan
2.3273273273273274e+00 7.3307703281800408e-03                 -nan                 -nan
2.3373373373373374e+00 7.2685698773898378e-03                 -nan                 -nan
2.3473473473473474e+00 7.2071558233045762e-03                 -nan                 -nan
2.3573573573573574e+00 7.1465149968607646e-03                 -nan                 -nan
2.3673673673673674e+00 7.0866345028460336e-03                 -nan                 -nan
2.3773773773773774e+00 7.0275017131102612e-03                 -nan                 -nan
2.3873873873873874e+00 6.9691042599717415e-03                 -nan                 -nan
2.3973973973973974e+00 6.9114300298120553e-03                 -nan                 -nan
2.4074074074074074e+00 6.8544671568535279e-03                 -nan                 -nan
2.4174174174174174e+00 6.7982040171133103e-03                 -nan                 -nan
2.4274274274274275e+00 6.7426292225284722e-03                 -nan                 -nan
2.4374374374374375e+00 6.6877316152465279e-03                 -nan                 -nan
2.4474474474474475e+00 6.6335002620761712e-03                 -nan                 -nan
2.4574574574574575e+00 6.5799244490930804e-03                 -nan                 -nan
2.4674674674674675e+00 6.5269936763958751e-03                 -nan                 -nan
2.4774774774774775e+00 6.4746976530074950e-03                 -nan                 -nan
2.4874874874874875e+00 6.4230262919173975e-03                 -nan                 -nan
2.4974974974974975e+00 6.3719697052601765e-03                 -nan                 -nan
2.5075075075075075e+00 6.3215181996263267e-03                 -nan                 -nan
2.5175175175175175e+00 6.2716622715010429e-03                 -nan                 -nan
2.5275275275275275e+00 6.2223926028270862e-03                 -nan                 -nan
2.5375375375375375e+00 6.1737000566878713e-03                 -nan                 -nan
2.5475475475475475e+00 6.1255756731071033e-03                 -nan                 -nan
2.5575575575575575e+00 6.0780106649613499e-03                 -nan                 -nan
2.5675675675675675e+00 6.0309964140021323e-03                 -nan                 -nan
2.5775775775775776e+00 5.9845244669841846e-03                 -nan                 -nan
2.5875875875875876e+00 5.9385865318966691e-03                 -nan                 -nan
2.5975975975975976e+00 5.8931744742942290e-03                 -nan                 -nan
2.6076076076076076e+00 5.8482803137248820e-03                 -nan                 -nan
2.6176176176176176e+00 5.8038962202518482e-03                 -nan                 -nan
2.6276276276276276e+00 5.7600145110665059e-03                 -nan                 -nan
2.6376376376376376e+00 5.7166276471897533e-03                 -nan                 -nan
2.6476476476476476e+00 5.6737282302591723e-03                 -nan                 -nan
2.6576576576576576e+00 5.6313089993994371e-03                 -nan                 -nan
2.6676676676676676e+00 5.5893628281735372e-03                 -nan                 -nan
2.6776776776776776e+00 5.5478827216124274e-03                 -nan                 -nan
2.6876876876876876e+00 5.5068618133208170e-03                 -nan                 -nan
2.6976976976976976e+00 5.4662933626568825e-03                 -nan                 -nan
2.7077077077077076e+00 5.4261707519837610e-03                 -nan                 -nan
2.7177177177177176e+00 5.3864874839907335e-03                 -nan                 -nan
2.7277277277277276e+00 5.3472371790821045e-03                 -nan                 -nan
2.7377377377377377e+00 5.3084135728318355e-03                 -nan                 -nan
2.7477477477477477e+00 5.2700105135020225e-03                 -nan                 -nan
2.7577577577577577e+00 5.2320219596234474e-03                 -nan                 -nan
2.7677677677677677e+00 5.1944419776363783e-03                 -nan                 -nan
2.7777777777777777e+00 5.1572647395899665e-03                 -nan                 -nan
2.7877877877877877e+00 5.1204845208985489e-03                 -nan                 -nan
2.7977977977977977e+00 5.0840956981532829e-03                 -nan                 -nan
2.8078078078078077e+00 5.0480927469875288e-03                 -nan                 -nan
2.8178178178178177e+00 5.0124702399945249e-03                 -nan                 -nan
2.8278278278278277e+00 4.9772228446958514e-03                 -nan                 -nan
2.8378378378378377e+00 4.9423453215593121e-03                 -nan                 -nan
2.8478478478478477e+00 4.9078325220648401e-03                 -nan                 -nan
2.8578578578578577e+00 4.8736793868171284e-03                 -nan                 -nan
2.8678678678678677e+00 4.8398809437036772e-03                 -nan                 -nan
2.8778778778778777e+00 4.8064323060970368e-03                 -nan                 -nan
2.8878878878878878e+00 4.7733286711000291e-03                 -nan                 -nan
2.8978978978978978e+00 4.7405653178327839e-03                 -nan                 -nan
2.9079079079079078e+00 4.7081376057604455e-03                 -nan                 -nan
2.9179179179179178e+00 4.6760409730604744e-03                 -nan                 -nan
2.9279279279279278e+00 4.6442709350284555e-03                 -nan                 -nan
2.9379379379379378e+00 4.6128230825213910e-03                 -nan                 -nan
2.9479479479479478e+00 4.5816930804374731e-03                 -nan                 -nan
2.9579579579579578e+00 4.5508766662313710e-03                 -nan                 -nan
2.9679679679679678e+00 4.5203696484640687e-03                 -nan                 -nan
2.9779779779779778e+00 4.4901679053863733e-03                 -nan                 -nan
2.9879879879879878e+00 4.4602673835551620e-03                 -nan                 -nan
2.9979979979979978e+00 4.4306640964815484e-03                 -nan                 -nan
3.0080080080080087e+00 4.4013541233100988e-03                 -nan                 -nan
3.0180180180180187e+00 4.3723336075283184e-03                 -nan                 -nan
3.0280280280280287e+00 4.3435987557055682e-03                 -nan                 -nan
3.0380380380380387e+00 4.3151458362607163e-03                 -nan                 -nan
3.0480480480480487e+00 4.2869711782577251e-03                 -nan                 -nan
3.0580580580580587e+00 4.2590711702284751e-03                 -nan                 -nan
3.0680680680680688e+00 4.2314422590221251e-03                 -nan                 -nan
3.0780780780780788e+00 4.2040809486803285e-03                 -nan                 -nan
3.0880880880880888e+00 4.1769837993376304e-03                 -nan                 -nan
3.0980980980980988e+00 4.1501474261464314e-03                 -nan                 -nan
3.1081081081081088e+00 4.1235684982258696e-03                 -nan                 -nan
3.1181181181181188e+00 4.0972437376340220e-03                 -nan                 -nan
3.1281281281281288e+00 4.0711699183628436e-03                 -nan                 -nan
3.1381381381381388e+00 4.0453438653552647e-03                 -nan                 -nan
3.1481481481481488e+00 4.0197624535438957e-03                 -nan                 -nan
3.1581581581581588e+00 3.9944226069107925e-03                 -nan                 -nan
3.1681681681681688e+00 3.9693212975677626e-03                 -nan                 -nan
3.1781781781781788e+00 3.9444555448567009e-03                 -nan                 -nan
3.1881881881881888e+00 3.9198224144694612e-03                 -nan                 -nan
3.1981981981981988e+00 3.8954190175867673e-03                 -nan                 -nan
3.2082082082082088e+00 3.8712425100357190e-03                 -nan                 -nan
3.2182182182182189e+00 3.8472900914654118e-03                 -nan                 -nan
3.2282282282282289e+00 3.8235590045402443e-03                 -nan                 -nan
3.2382382382382389e+00 3.8000465341504687e-03                 -nan                 -nan
3.2482482482482489e+00 3.7767500066395784e-03                 -nan                 -nan
3.2582582582582589e+00 3.7536667890481160e-03                 -nan                 -nan
3.2682682682682689e+00 3.7307942883734947e-03                 -nan                 -nan
3.2782782782782789e+00 3.7081299508454789e-03                 -nan                 -nan
3.2882882882882889e+00 3.6856712612169020e-03                 -nan                 -nan
3.2982982982982989e+00 3.6634157420693003e-03                 -nan                 -nan
3.3083083083083089e+00 3.6413609531330813e-03                 -nan                 -nan
3.3183183183183189e+00 3.6195044906218751e-03                 -nan                 -nan
3.3283283283283289e+00 3.5978439865807601e-03                 -nan                 -nan
3.3383383383383389e+00 3.5763771082480025e-03                 -nan                 -nan
3.3483483483483489e+00 3.5551015574300099e-03                 -nan                 -nan
3.3583583583583589e+00 3.5340150698891849e-03                 -nan                 -nan
3.3683683683683689e+00 3.5131154147443658e-03                 -nan                 -nan
3.3783783783783790e+00 3.4924003938835782e-03                 -nan                 -nan
3.3883883883883890e+00 3.4718678413887868e-03                 -nan                 -nan
3.3983983983983990e+00 3.4515156229723868e-03                 -nan                 -nan
3.4084084084084090e+00 3.4313416354251566e-03                 -nan                 -nan
3.4184184184184190e+00 3.4113438060754016e-03                 -nan                 -nan
3.4284284284284290e+00 3.3915200922590397e-03                 -nan                 -nan
3.4384384384384390e+00 3.3718684808003658e-03                 -nan                 -nan
3.4484484484484490e+00 3.3523869875032599e-03                 -nan                 -nan
3.4584584584584590e+00 3.3330736566525975e-03                 -nan                 -nan
3.4684684684684690e+00 3.3139265605256225e-03                 -nan                 -nan
3.4784784784784790e+00 3.2949437989130683e-03                 -nan                 -nan
3.4884884884884890e+00 3.2761234986497943e-03                 -nan                 -nan
3.4984984984984990e+00 3.2574638131547254e-03                 -nan                 -nan
3.5085085085085090e+00 3.2389629219798932e-03                 -nan                 -nan
3.5185185185185190e+00 3.2206190303683598e-03                 -nan                 -nan
3.5285285285285291e+00 3.2024303688208398e-03                 -nan                 -nan
3.5385385385385391e+00 3.1843951926708077e-03                 -nan                 -nan
3.5485485485485491e+00 3.1665117816679234e-03                 -nan                 -nan
3.5585585585585591e+00 3.1487784395695714e-03                 -nan                 -nan
3.5685685685685691e+00 3.1311934937403446e-03                 -nan                 -nan
3.5785785785785791e+00 3.1137552947592931e-03                 -nan                 -nan
3.5885885885885891e+00 3.0964622160347638e-03                 -nan                 -nan
3.5985985985985991e+00 3.0793126534266755e-03                 -nan                 -nan
3.6086086086086091e+00 3.0623050248760478e-03                 -nan                 -nan
3.6186186186186191e+00 3.0454377700416401e-03                 -nan                 -nan
3.6286286286286291e+00 3.0287093499435425e-03                 -nan                 -nan
3.6386386386386391e+00 3.0121182466135593e-03                 -nan                 -nan
3.6486486486486491e+00 2.9956629627522452e-03                 -nan                 -nan
3.6586586586586591e+00 2.9793420213924532e-03                 -nan                 -nan
3.6686686686686691e+00 2.9631539655692414e-03                 -nan                 -nan
3.6786786786786791e+00 2.9470973579960123e-03                 -nan                 -nan
3.6886886886886892e+00 2.9311707807467471e-03                 -nan                 -nan
3.6986986986986992e+00 2.9153728349442048e-03                 -nan                 -nan
3.7087087087087092e+00 2.8997021404539567e-03                 -nan                 -nan
3.7187187187187192e+00 2.8841573355841365e-03                 -nan                 -nan
3.7287287287287292e+00 2.8687370767907765e-03                 -nan                 -nan
3.7387387387387392e+00 2.8534400383886222e-03                 -nan                 -nan
3.7487487487487492e+00 2.8382649122673000e-03                 -nan                 -nan
3.7587587587587592e+00 2.8232104076127296e-03                 -nan                 -nan
3.7687687687687692e+00 2.8082752506336712e-03                 -nan                 -nan
3.7787787787787792e+00 2.7934581842932976e-03                 -nan                 -nan
3.7887887887887892e+00 2.7787579680456850e-03                 -nan                 -nan
3.7987987987987992e+00 2.7641733775771236e-03                 -nan                 -nan
3.8088088088088092e+00 2.7497032045521500e-03                 -nan                 -nan
3.8188188188188192e+00 2.7353462563641886e-03                 -nan                 -nan
3.8288288288288292e+00 2.7211013558907280e-03                 -nan                 -nan
3.8388388388388393e+00 2.7069673412529207e-03                 -nan                 -nan
3.8488488488488493e+00 2.6929430655795250e-03                 -nan                 -nan
3.8588588588588593e+00 2.6790273967750968e-03                 -nan                 -nan
3.8688688688688693e+00 2.6652192172923433e-03                 -nan                 -nan
3.8788788788788793e+00 2.6515174239085527e-03                 -nan                 -nan
3.8888888888888893e+00 2.6379209275060244e-03                 -nan                 -nan
3.8988988988988993e+00 2.6244286528564033e-03                 -nan                 -nan
3.9089089089089093e+00 2.6110395384088573e-03                 -nan                 -nan
3.9189189189189193e+00 2.5977525360820044e-03                 -nan                 -nan
3.9289289289289293e+00 2.5845666110595206e-03                 -nan                 -nan
3.9389389389389393e+00 2.5714807415893604e-03                 -nan                 -nan
3.9489489489489493e+00 2.5584939187865007e-03                 -nan                 -nan
3.9589589589589593e+00 2.5456051464391558e-03                 -nan                 -nan
3.9689689689689693e+00 2.5328134408183827e-03                 -nan                 -nan
3.9789789789789793e+00 2.5201178304910142e-03                 -nan                 -nan
3.9889889889889893e+00 2.5075173561358455e-03                 -nan                 -nan
3.9989989989989994e+00 2.4950110703630263e-03                 -nan                 -nan
4.0090090090090094e+00 2.4825980375365753e-03                 -nan                 -nan
4.0190190190190194e+00 2.4702773335999709e-03                 -nan                 -nan
4.0290290290290294e+00 2.4580480459047449e-03                 -nan                 -nan
4.0390390390390394e+00 2.4459092730420339e-03                 -nan                 -nan
4.0490490490490494e+00 2.4338601246770178e-03                 -nan                 -nan
4.0590590590590594e+00 2.4218997213861968e-03                 -nan                 -nan
4.0690690690690694e+00 2.4100271944974463e-03                 -nan                 -nan
4.0790790790790794e+00 2.3982416859328021e-03                 -nan                 -nan
4.0890890890890894e+00 2.3865423480539153e-03                 -nan                 -nan
4.0990990990990994e+00 2.3749283435101289e-03                 -nan                 -nan
4.1091091091091094e+00 2.3633988450891315e-03                 -nan                 -nan
4.1191191191191194e+00 2.3519530355701240e-03                 -nan                 -nan
4.1291291291291294e+00 2.3405901075794640e-03                 -nan                 -nan
4.1391391391391394e+00 2.3293092634487354e-03                 -nan                 -nan
4.1491491491491495e+00 2.3181097150751953e-03                 -nan                 -nan
4.1591591591591595e+00 2.3069906837845568e-03                 -nan                 -nan
4.1691691691691695e+00 2.2959514001960608e-03                 -nan                 -nan
4.1791791791791795e+00 2.2849911040897894e-03                 -nan                 -nan
4.1891891891891895e+00 2.2741090442761885e-03                 -nan                 -nan
4.1991991991991995e+00 2.2633044784677475e-03                 -nan                 -nan
4.2092092092092095e+00 2.2525766731528018e-03                 -nan                 -nan
4.2192192192192195e+00 2.2419249034714137e-03                 -nan                 -nan
4.2292292292292295e+00 2.2313484530932992e-03                 -nan                 -nan
4.2392392392392395e+00 2.2208466140977517e-03                 -nan                 -nan
4.2492492492492495e+00 2.2104186868555386e-03                 -nan                 -nan
4.2592592592592595e+00 2.2000639799127212e-03                 -nan                 -nan
4.2692692692692695e+00 2.1897818098763734e-03                 -nan                 -nan
4.2792792792792795e+00 2.1795715013021525e-03                 -nan                 -nan
4.2892892892892895e+00 2.1694323865836993e-03                 -nan                 -nan
4.2992992992992995e+00 2.1593638058438236e-03                 -nan                 -nan
4.3093093093093096e+00 2.1493651068274521e-03                 -nan                 -nan
4.3193193193193196e+00 2.1394356447962952e-03                 -nan                 -nan
4.3293293293293296e+00 2.1295747824252114e-03                 -nan                 -nan
4.3393393393393396e+00 2.1197818897002291e-03                 -nan                 -nan
4.3493493493493496e+00 2.1100563438182065e-03                 -nan                 -nan
4.3593593593593596e+00 2.1003975290880880e-03                 -nan                 -nan
4.3693693693693696e+00 2.0908048368337329e-03                 -nan                 -nan
4.3793793793793796e+00 2.0812776652982951e-03                 -nan                 -nan
4.3893893893893896e+00 2.0718154195501115e-03                 -nan                 -nan
4.3993993993993996e+00 2.0624175113900817e-03                 -nan                 -nan
4.4094094094094096e+00 2.0530833592605131e-03                 -nan                 -nan
4.4194194194194196e+00 2.0438123881553970e-03                 -nan                 -nan
4.4294294294294296e+00 2.0346040295320970e-03                 -nan                 -nan
4.4394394394394396e+00 2.0254577212244209e-03                 -nan                 -nan
4.4494494494494496e+00 2.0163729073570556e-03                 -nan                 -nan
4.4594594594594597e+00 2.0073490382613332e-03                 -nan                 -nan
4.4694694694694697e+00 1.9983855703923142e-03                 -nan                 -nan
4.4794794794794797e+00 1.9894819662471526e-03                 -nan                 -nan
4.4894894894894897e+00 1.9806376942847342e-03                 -nan                 -nan
4.4994994994994997e+00 1.9718522288465546e-03                 -nan                 -nan
4.5095095095095097e+00 1.9631250500788170e-03                 -nan                 -nan
4.5195195195195197e+00 1.9544556438557364e-03                 -nan                 -nan
4.5295295295295297e+00 1.9458435017040132e-03                 -nan                 -nan
4.5395395395395397e+00 1.9372881207284753e-03                 -nan                 -nan
4.5495495495495497e+00 1.9287890035388528e-03                 -nan                 -nan
4.5595595595595597e+00 1.9203456581776684e-03                 -nan                 -nan
4.5695695695695697e+00 1.9119575980492349e-03                 -nan                 -nan
4.5795795795795797e+00 1.9036243418497241e-03                 -nan                 -nan
4.5895895895895897e+00 1.8953454134983015e-03                 -nan                 -nan
4.5995995995995997e+00 1.8871203420693012e-03                 -nan                 -nan
4.6096096096096097e+00 1.8789486617254280e-03                 -nan                 -nan
4.6196196196196198e+00 1.8708299116519643e-03                 -nan                 -nan
4.6296296296296298e+00 1.8627636359919660e-03                 -nan                 -nan
4.6396396396396398e+00 1.8547493837824361e-03                 -nan                 -nan
4.6496496496496498e+00 1.8467867088914468e-03                 -nan                 -nan
4.6596596596596598e+00 1.8388751699562091e-03                 -nan                 -nan
4.6696696696696698e+00 1.8310143303220589e-03                 -nan                 -nan
4.6796796796796798e+00 1.8232037579823590e-03                 -nan                 -nan
4.6896896896896898e+00 1.8154430255192860e-03                 -nan                 -nan
4.6996996996996998e+00 1.8077317100455004e-03                 -nan                 -nan
4.7097097097097098e+00 1.8000693931466765e-03                 -nan                 -nan
4.7197197197197198e+00 1.7924556608248825e-03                 -nan                 -nan
4.7297297297297298e+00 1.7848901034427909e-03                 -nan                 -nan
4.7397397397397398e+00 1.7773723156687148e-03                 -nan                 -nan
4.7497497497497498e+00 1.7699018964224440e-03                 -nan                 -nan
4.7597597597597598e+00 1.7624784488218784e-03                 -nan                 -nan
4.7697697697697699e+00 1.7551015801304383e-03                 -nan                 -nan
4.7797797797797799e+00 1.7477709017052422e-03                 -nan                 -nan
4.7897897897897899e+00 1.7404860289460394e-03                 -nan                 -nan
4.7997997997997999e+00 1.7332465812448811e-03                 -nan                 -nan
4.8098098098098099e+00 1.7260521819365236e-03                 -nan                 -nan
4.8198198198198199e+00 1.7189024582495460e-03                 -nan                 -nan
4.8298298298298299e+00 1.7117970412581743e-03                 -nan                 -nan
4.8398398398398399e+00 1.7047355658348006e-03                 -nan                 -nan
4.8498498498498499e+00 1.6977176706031800e-03                 -nan                 -nan
4.8598598598598599e+00 1.6907429978923029e-03                 -nan                 -nan
4.8698698698698699e+00 1.6838111936909256e-03                 -nan                 -nan
4.8798798798798799e+00 1.6769219076027506e-03                 -nan                 -nan
4.8898898898898899e+00 1.6700747928022446e-03                 -nan                 -nan
4.8998998998998999e+00 1.6632695059910856e-03                 -nan                 -nan
4.9099099099099099e+00 1.6565057073552297e-03                 -nan                 -nan
4.9199199199199199e+00 1.6497830605225815e-03                 -nan                 -nan
4.9299299299299300e+00 1.6431012325212691e-03                 -nan                 -nan
4.9399399399399400e+00 1.6364598937385017e-03                 -nan                 -nan
4.9499499499499500e+00 1.6298587178800118e-03                 -nan                 -nan
4.9599599599599600e+00 1.6232973819300632e-03                 -nan                 -nan
4.9699699699699700e+00 1.6167755661120201e-03                 -nan                 -nan
4.9799799799799800e+00 1.6102929538494729e-03                 -nan                 -nan
4.9899899899899900e+00 1.6038492317279000e-03                 -nan                 -nan
5.0000000000000000e+00 1.5974440894568689e-03                 -nan                 -nan
