-5.0000000000000000e+00 1.5974440894568689e-03 -2.3638854529872889e-02 2.5236298619329758e-02
-4.9899899899899900e+00 1.6038492317279000e-03 1.1243779042226539e-02 -9.6399298104986389e-03
-4.9799799799799800e+00 1.6102929538494729e-03 2.5264134160673413e-02 -2.3653841206823938e-02
-4.9699699699699700e+00 1.6167755661120201e-03 2.6166520009507078e-02 -2.4549744443395059e-02
-4.9599599599599600e+00 1.6232973819300632e-03 1.9632567966908487e-02 -1.8009270584978424e-02
-4.9499499499499500e+00 1.6298587178800118e-03 9.7079332314116817e-03 -8.0780745135316696e-03
-4.9399399399399400e+00 1.6364598937385017e-03 -8.4595408134381634e-04 2.4824139750823180e-03
-4.9299299299299300e+00 1.6431012325212691e-03 -1.0256803186640427e-02 1.1899904419161696e-02
-4.9199199199199199e+00 1.6497830605225815e-03 -1.7502901124103791e-02 1.9152684184626373e-02
-4.9099099099099099e+00 1.6565057073552297e-03 -2.2116191194346671e-02 2.3772696901701900e-02
-4.8998998998998999e+00 1.6632695059910856e-03 -2.4024355289104328e-02 2.5687624795095412e-02
-4.8898898898898899e+00 1.6700747928022446e-03 -2.3425263877557338e-02 2.5095338670359582e-02
-4.8798798798798799e+00 1.6769219076027506e-03 -2.0687887055280439e-02 2.2364808962883190e-02
-4.8698698698698699e+00 1.6838111936909256e-03 -1.6275959642725064e-02 1.7959770836415988e-02
-4.8598598598598599e+00 1.6907429978923029e-03 -1.0690424590869435e-02 1.2381167588761739e-02
-4.8498498498498499e+00 1.6977176706031800e-03 -4.4261203752587863e-03 6.1238380458619665e-03
-4.8398398398398399e+00 1.7047355658348006e-03 2.0562208572687890e-03 -3.5148529143398839e-04
-4.8298298298298299e+00 1.7117970412581743e-03 8.3511978686121348e-03 -6.6394008273539607e-03
-4.8198198198198199e+00 1.7189024582495460e-03 1.4120041328173174e-02 -1.2401138869923629e-02
-4.8098098098098099e+00 1.7260521819365236e-03 1.9095750120581838e-02 -1.7369697938645314e-02
-4.7997997997997999e+00 1.7332465812448811e-03 2.3084261431024048e-02 -2.1351014849779165e-02
-4.7897897897897899e+00 1.7404860289460394e-03 2.5961571029328796e-02 -2.4221085000382756e-02
-4.7797797797797799e+00 1.7477709017052422e-03 2.7667636015769805e-02 -2.5919865114064564e-02
-4.7697697697697699e+00 1.7551015801304383e-03 2.8200347244269636e-02 -2.6445245664139198e-02
-4.7597597597597598e+00 1.7624784488218784e-03 2.7606126177777739e-02 -2.5843647728955862e-02
-4.7497497497497498e+00 1.7699018964224440e-03 2.5972822231781413e-02 -2.4202920335358969e-02
-4.7397397397397398e+00 1.7773723156687148e-03 2.3419901077201617e-02 -2.1642528761532900e-02
-4.7297297297297298e+00 1.7848901034427909e-03 2.0090002540978504e-02 -1.8305112437535714e-02
-4.7197197197197198e+00 1.7924556608248825e-03 1.6141881054466161e-02 -1.4349425393641278e-02
-4.7097097097097098e+00 1.8000693931466765e-03 1.1742603851823342e-02 -9.9425344586766655e-03
-4.6996996996996998e+00 1.8077317100455004e-03 7.0608414030591954e-03 -5.2531096930136948e-03
-4.6896896896896898e+00 1.8154430255192860e-03 2.2617774370432418e-03 -4.4633441152395581e-04
-4.6796796796796798e+00 1.8232037579823590e-03 -2.4978315143671182e-03 4.3210352723494772e-03
-4.6696696696696698e+00 1.8310143303220589e-03 -7.0737215359940892e-03 8.9047358663161477e-03
-4.6596596596596598e+00 1.8388751699562091e-03 -1.1336734958345137e-02 1.3175610128301346e-02
-4.6496496496496498e+00 1.8467867088914468e-03 -1.5175463594280254e-02 1.7022250303171699e-02
-4.6396396396396398e+00 1.8547493837824361e-03 -1.8497268215067156e-02 2.0352017598849591e-02
-4.6296296296296298e+00 1.8627636359919660e-03 -2.1229561293391857e-02 2.3092324929383824e-02
-4.6196196196196198e+00 1.8708299116519643e-03 -2.3319523693013777e-02 2.5190353604665740e-02
-4.6096096096096097e+00 1.8789486617254280e-03 -2.4734065019825665e-02 2.6613013681551091e-02
-4.5995995995995997e+00 1.8871203420693012e-03 -2.5459109473647136e-02 2.7346229815716439e-02
-4.5895895895895897e+00 1.8953454134983015e-03 -2.5498107358961387e-02 2.7393452772459689e-02
-4.5795795795795797e+00 1.9036243418497241e-03 -2.4870847745535950e-02 2.6774472087385676e-02
-4.5695695695695697e+00 1.9119575980492349e-03 -2.3611754582672621e-02 2.5523712180721855e-02
-4.5595595595595597e+00 1.9203456581776684e-03 -2.1767896842263854e-02 2.3688242500441523e-02
-4.5495495495495497e+00 1.9287890035388528e-03 -1.9397160639199412e-02 2.1325949642738266e-02
-4.5395395395395397e+00 1.9372881207284753e-03 -1.6566153251425242e-02 1.8503441372153717e-02
-4.5295295295295297e+00 1.9458435017040132e-03 -1.3348365646832176e-02 1.5294209148536188e-02
-4.5195195195195197e+00 1.9544556438557364e-03 -9.8218553340577146e-03 1.1776310977913452e-02
-4.5095095095095097e+00 1.9631250500788170e-03 -6.0677185784381521e-03 8.0308436285169687e-03
-4.4994994994994997e+00 1.9718522288465546e-03 -2.1679648427195579e-03 4.1398170715661129e-03
-4.4894894894894897e+00 1.9806376942847342e-03 1.7959703282680512e-03 1.8466736601668301e-04
-4.4794794794794797e+00 1.9894819662471526e-03 5.7446811707311390e-03 -3.7551992044839865e-03
-4.4694694694694697e+00 1.9983855703923142e-03 9.6025918859492538e-03 -7.6042063155569396e-03
-4.4594594594594597e+00 2.0073490382613332e-03 1.3298671929231827e-02 -1.1291322890970493e-02
-4.4494494494494496e+00 2.0163729073570556e-03 1.6767617367999043e-02 -1.4751244460641987e-02
-4.4394394394394396e+00 2.0254577212244209e-03 1.9950982369598344e-02 -1.7925524648373922e-02
-4.4294294294294296e+00 2.0346040295320970e-03 2.2797375223681526e-02 -2.0762771194149428e-02
-4.4194194194194196e+00 2.0438123881553970e-03 2.5263375392088568e-02 -2.3219563003933172e-02
-4.4094094094094096e+00 2.0530833592605131e-03 2.7313636214037883e-02 -2.5260552854777369e-02
-4.3993993993993996e+00 2.0624175113900817e-03 2.8921168623552311e-02 -2.6858751112162231e-02
-4.3893893893893896e+00 2.0718154195501115e-03 3.0067319453113844e-02 -2.7995504033563733e-02
-4.3793793793793796e+00 2.0812776652982951e-03 3.0741675774142586e-02 -2.8660398108844291e-02
-4.3693693693693696e+00 2.0908048368337329e-03 3.0941845628318747e-02 -2.8851040791485014e-02
-4.3593593593593596e+00 2.1003975290880880e-03 3.0673126898468038e-02 -2.8572729369379948e-02
-4.3493493493493496e+00 2.1100563438182065e-03 2.9947998405178883e-02 -2.7837942061360678e-02
-4.3393393393393396e+00 2.1197818897002291e-03 2.8785736774068461e-02 -2.6665954884368234e-02
-4.3293293293293296e+00 2.1295747824252114e-03 2.7211639722782618e-02 -2.5082064940357408e-02
-4.3193193193193196e+00 2.1394356447962952e-03 2.5256542146558539e-02 -2.3117106501762245e-02
-4.3093093093093096e+00 2.1493651068274521e-03 2.2956001723224869e-02 -2.0806636616397416e-02
-4.2992992992992995e+00 2.1593638058438236e-03 2.0349690861559334e-02 -1.8190327055715511e-02
-4.2892892892892895e+00 2.1694323865836993e-03 1.7480545634127306e-02 -1.5311113247543607e-02
-4.2792792792792795e+00 2.1795715013021525e-03 1.4394106141351700e-02 -1.2214534640049547e-02
-4.2692692692692695e+00 2.1897818098763734e-03 1.1137691640108504e-02 -8.9479098302321300e-03
-4.2592592592592595e+00 2.2000639799127212e-03 7.7598169752958954e-03 -5.5597529953831746e-03
-4.2492492492492495e+00 2.2104186868555386e-03 4.3092667993097512e-03 -2.0988481124542126e-03
-4.2392392392392395e+00 2.2208466140977517e-03 8.3462278766266711e-04 1.3862238264350847e-03
-4.2292292292292295e+00 2.2313484530932992e-03 -2.6164265693537454e-03 4.8477750224470446e-03
-4.2192192192192195e+00 2.2419249034714137e-03 -5.9977793620252318e-03 8.2397042654966460e-03
-4.2092092092092095e+00 2.2525766731528018e-03 -9.2653473444894441e-03 1.1517924017642246e-02
-4.1991991991991995e+00 2.2633044784677475e-03 -1.2377558797581217e-02 1.4640863276048964e-02
-4.1891891891891895e+00 2.2741090442761885e-03 -1.5295918232829660e-02 1.7570027277105847e-02
-4.1791791791791795e+00 2.2849911040897894e-03 -1.7985182643885413e-02 2.0270173747975202e-02
-4.1691691691691695e+00 2.2959514001960608e-03 -2.0413908162398867e-02 2.2709859562594928e-02
-4.1591591591591595e+00 2.3069906837845568e-03 -2.2554533500378452e-02 2.4861524184163007e-02
-4.1491491491491495e+00 2.3181097150751953e-03 -2.4383685151816607e-02 2.6701794866891802e-02
-4.1391391391391394e+00 2.3293092634487354e-03 -2.5882272936341426e-02 2.8211582199790163e-02
-4.1291291291291294e+00 2.3405901075794640e-03 -2.7035618487966474e-02 2.9376208595545936e-02
-4.1191191191191194e+00 2.3519530355701240e-03 -2.7833446031138347e-02 3.0185399066708470e-02
-4.1091091091091094e+00 2.3633988450891315e-03 -2.8269890471610590e-02 3.0633289316699723e-02
-4.0990990990990994e+00 2.3749283435101289e-03 -2.8343444720049394e-02 3.0718373063559522e-02
-4.0890890890890894e+00 2.3865423480539153e-03 -2.8056793768921735e-02 3.0443336116975649e-02
-4.0790790790790794e+00 2.3982416859328021e-03 -2.7416715516179132e-02 2.9814957202111934e-02
-4.0690690690690694e+00 2.4100271944974463e-03 -2.6433832945411944e-02 2.8843860139909389e-02
-4.0590590590590594e+00 2.4218997213861968e-03 -2.5122430122466479e-02 2.7544329843852675e-02
-4.0490490490490494e+00 2.4338601246770178e-03 -2.3500164536802249e-02 2.5934024661479267e-02
-4.0390390390390394e+00 2.4459092730420339e-03 -2.1587752344802470e-02 2.4033661617844503e-02
-4.0290290290290294e+00 2.4580480459047449e-03 -1.9408743713086107e-02 2.1866791758990853e-02
-4.0190190190190194e+00 2.4702773335999709e-03 -1.6989101703781411e-02 1.9459379037381382e-02
-4.0090090090090094e+00 2.4825980375365753e-03 -1.4356913567970839e-02 1.6839511605507416e-02
-3.9989989989989989e+00 2.4950110703630267e-03 -1.1542031428646944e-02 1.4037042499009970e-02
-3.9889889889889889e+00 2.5075173561358460e-03 -8.5756927814568552e-03 1.1083210137592701e-02
-3.9789789789789789e+00 2.5201178304910146e-03 -5.4901924300257603e-03 8.0103102605167745e-03
-3.9689689689689689e+00 2.5328134408183836e-03 -2.3185072838143505e-03 4.8513207246327341e-03
-3.9589589589589589e+00 2.5456051464391562e-03 9.0604050182550497e-04 1.6395646446136511e-03
-3.9489489489489489e+00 2.5584939187865011e-03 4.1501490927705643e-03 -1.5916551739840632e-03
-3.9389389389389389e+00 2.5714807415893612e-03 7.3808483631286207e-03 -4.8093676215392595e-03
-3.9289289289289289e+00 2.5845666110595215e-03 1.0565831284848462e-02 -7.9812646737889396e-03
-3.9189189189189189e+00 2.5977525360820044e-03 1.3673740223050061e-02 -1.1075987686968058e-02
-3.9089089089089089e+00 2.6110395384088582e-03 1.6674463060874306e-02 -1.4063423522465448e-02
-3.8988988988988988e+00 2.6244286528564042e-03 1.9539384831311426e-02 -1.6914956178455023e-02
-3.8888888888888888e+00 2.6379209275060253e-03 2.2241648169437665e-02 -1.9603727241931639e-02
-3.8788788788788788e+00 2.6515174239085536e-03 2.4756324812324319e-02 -2.2104807388415765e-02
-3.8688688688688688e+00 2.6652192172923438e-03 2.7060647580074659e-02 -2.4395428362782315e-02
-3.8588588588588588e+00 2.6790273967750976e-03 2.9134161904616190e-02 -2.6455134507841094e-02
-3.8488488488488488e+00 2.6929430655795259e-03 3.0958861220912397e-02 -2.8265918155332873e-02
-3.8388388388388388e+00 2.7069673412529207e-03 3.2519308376033375e-02 -2.9812341034780455e-02
-3.8288288288288288e+00 2.7211013558907280e-03 3.3802709198782817e-02 -3.1081607842892090e-02
-3.8188188188188188e+00 2.7353462563641895e-03 3.4798980834118982e-02 -3.2063634577754796e-02
-3.8088088088088088e+00 2.7497032045521504e-03 3.5500790198961074e-02 -3.2751086994408922e-02
-3.7987987987987988e+00 2.7641733775771245e-03 3.5903554620271651e-02 -3.3139381242694527e-02
-3.7887887887887888e+00 2.7787579680456855e-03 3.6005439346043264e-02 -3.3226681377997579e-02
-3.7787787787787788e+00 2.7934581842932985e-03 3.5807301764959221e-02 -3.3013843580665919e-02
-3.7687687687687688e+00 2.8082752506336721e-03 3.5312648143182725e-02 -3.2504372892549052e-02
-3.7587587587587588e+00 2.8232104076127301e-03 3.4527536857465173e-02 -3.1704326449852445e-02
-3.7487487487487487e+00 2.8382649122673004e-03 3.3460490865924425e-02 -3.0622225953657125e-02
-3.7387387387387387e+00 2.8534400383886226e-03 3.2122365917117722e-02 -2.9268925878729098e-02
-3.7287287287287287e+00 2.8687370767907774e-03 3.0526223932258095e-02 -2.7657486855467317e-02
-3.7187187187187187e+00 2.8841573355841373e-03 2.8687182123996426e-02 -2.5803024788412288e-02
-3.7087087087087087e+00 2.8997021404539580e-03 2.6622241778828205e-02 -2.3722539638374247e-02
-3.6986986986986987e+00 2.9153728349442056e-03 2.4350110182796869e-02 -2.1434737347852662e-02
-3.6886886886886887e+00 2.9311707807467475e-03 2.1891035897161626e-02 -1.8959865116414877e-02
-3.6786786786786787e+00 2.9470973579960131e-03 1.9266593062188479e-02 -1.6319495704192465e-02
-3.6686686686686687e+00 2.9631539655692427e-03 1.6499487813773518e-02 -1.3536333848204275e-02
-3.6586586586586587e+00 2.9793420213924545e-03 1.3613366623049412e-02 -1.0634024601656957e-02
-3.6486486486486487e+00 2.9956629627522460e-03 1.0632591816960085e-02 -7.6369288542078393e-03
-3.6386386386386387e+00 3.0121182466135601e-03 7.5820516323475617e-03 -4.5699333857340020e-03
-3.6286286286286287e+00 3.0287093499435438e-03 4.4869374697665068e-03 -1.4582281198229630e-03
-3.6186186186186187e+00 3.0454377700416414e-03 1.3725524270212339e-03 1.6728853430204075e-03
-3.6086086086086087e+00 3.0623050248760482e-03 -1.7358959512998558e-03 4.7982009761759039e-03
-3.5985985985985987e+00 3.0793126534266759e-03 -4.8134879556593468e-03 7.8928006090860231e-03
-3.5885885885885886e+00 3.0964622160347642e-03 -7.8357880279120735e-03 1.0932250243946838e-02
-3.5785785785785786e+00 3.1137552947592935e-03 -1.0779013233995315e-02 1.3892768528754609e-02
-3.5685685685685686e+00 3.1311934937403459e-03 -1.3620218053844932e-02 1.6751411547585277e-02
-3.5585585585585586e+00 3.1487784395695722e-03 -1.6337451560998535e-02 1.9486230000568108e-02
-3.5485485485485486e+00 3.1665117816679239e-03 -1.8909908903212744e-02 2.2076420684880669e-02
-3.5385385385385386e+00 3.1843951926708081e-03 -2.1318072373245286e-02 2.4502467565916095e-02
-3.5285285285285286e+00 3.2024303688208407e-03 -2.3543838498243676e-02 2.6746268867064518e-02
-3.5185185185185186e+00 3.2206190303683611e-03 -2.5570633583918569e-02 2.8791252614286930e-02
-3.5085085085085086e+00 3.2389629219798932e-03 -2.7383517255591627e-02 3.0622480177571521e-02
-3.4984984984984986e+00 3.2574638131547267e-03 -2.8969261677521528e-02 3.2226725490676254e-02
-3.4884884884884886e+00 3.2761234986497956e-03 -3.0316437979703518e-02 3.3592561478353315e-02
-3.4784784784784786e+00 3.2949437989130696e-03 -3.1415462998638795e-02 3.4710406797551864e-02
-3.4684684684684686e+00 3.3139265605256229e-03 -3.2258650436728500e-02 3.5572576997254121e-02
-3.4584584584584586e+00 3.3330736566525984e-03 -3.2840239514222394e-02 3.6173313170874993e-02
-3.4484484484484486e+00 3.3523869875032608e-03 -3.3156412013372889e-02 3.6508799000876148e-02
-3.4384384384384385e+00 3.3718684808003666e-03 -3.3205292040072082e-02 3.6577160520872447e-02
-3.4284284284284285e+00 3.3915200922590410e-03 -3.2986940208245476e-02 3.6378460300504518e-02
-3.4184184184184185e+00 3.4113438060754029e-03 -3.2503321198211442e-02 3.5914665004286847e-02
-3.4084084084084085e+00 3.4313416354251574e-03 -3.1758272505142113e-02 3.5189614140567267e-02
-3.3983983983983985e+00 3.4515156229723881e-03 -3.0757450586783409e-02 3.4208966209755796e-02
-3.3883883883883881e+00 3.4718678413887889e-03 -2.9508271501081425e-02 3.2980139342470217e-02
-3.3783783783783781e+00 3.4924003938835804e-03 -2.8019841107040387e-02 3.1512241500923965e-02
-3.3683683683683681e+00 3.5131154147443680e-03 -2.6302866960336742e-02 2.9815982375081110e-02
-3.3583583583583581e+00 3.5340150698891862e-03 -2.4369570209260224e-02 2.7903585279149410e-02
-3.3483483483483480e+00 3.5551015574300121e-03 -2.2233584252427246e-02 2.5788685809857260e-02
-3.3383383383383380e+00 3.5763771082480047e-03 -1.9909844310508407e-02 2.3486221418756413e-02
-3.3283283283283280e+00 3.5978439865807623e-03 -1.7414476276141760e-02 2.1012320262722522e-02
-3.3183183183183180e+00 3.6195044906218773e-03 -1.4764671280379744e-02 1.8384175771001619e-02
-3.3083083083083080e+00 3.6413609531330830e-03 -1.1978560650858056e-02 1.5619921603991139e-02
-3.2982982982982980e+00 3.6634157420693029e-03 -9.0750859633394534e-03 1.2738501705408757e-02
-3.2882882882882880e+00 3.6856712612169033e-03 -6.0738636673135773e-03 9.7595349285304802e-03
-3.2782782782782780e+00 3.7081299508454802e-03 -2.9950504926958546e-03 6.7031804435413352e-03
-3.2682682682682680e+00 3.7307942883734973e-03 1.4079584025441442e-04 3.5899984481190831e-03
-3.2582582582582580e+00 3.7536667890481173e-03 3.3128546155764297e-03 4.4081217347168760e-04
-3.2482482482482480e+00 3.7767500066395810e-03 6.5001789008083477e-03 -2.7234288941687668e-03
-3.2382382382382380e+00 3.8000465341504704e-03 9.6818340226334388e-03 -5.8817874884829688e-03
-3.2282282282282280e+00 3.8235590045402460e-03 1.2837030382036667e-02 -9.0134713774964216e-03
-3.2182182182182180e+00 3.8472900914654148e-03 1.5945256802805067e-02 -1.2097966711339652e-02
-3.2082082082082080e+00 3.8712425100357216e-03 1.8986408423799873e-02 -1.5115165913764151e-02
-3.1981981981981980e+00 3.8954190175867691e-03 2.1940910002173658e-02 -1.8045490984586889e-02
-3.1881881881881879e+00 3.9198224144694630e-03 2.4789835462007141e-02 -2.0870013047537678e-02
-3.1781781781781779e+00 3.9444555448567035e-03 2.7515020825033848e-02 -2.3570565280177144e-02
-3.1681681681681679e+00 3.9693212975677643e-03 3.0099171719493015e-02 -2.6129850421925251e-02
-3.1581581581581579e+00 3.9944226069107951e-03 3.2525963198701845e-02 -2.8531540591791048e-02
-3.1481481481481479e+00 4.0197624535438983e-03 3.4780133496556703e-02 -3.0760371043012803e-02
-3.1381381381381379e+00 4.0453438653552673e-03 3.6847568410049866e-02 -3.2802224544694600e-02
-3.1281281281281279e+00 4.0711699183628462e-03 3.8715379229683468e-02 -3.4644209311320624e-02
-3.1181181181181179e+00 4.0972437376340246e-03 4.0371971896347801e-02 -3.6274728158713777e-02
-3.1081081081081079e+00 4.1235684982258722e-03 4.1807106783880006e-02 -3.7683538285654135e-02
-3.0980980980980979e+00 4.1501474261464340e-03 4.3011950211560443e-02 -3.8861802785414012e-02
-3.0880880880880879e+00 4.1769837993376321e-03 4.3979116984057834e-02 -3.9802133184720201e-02
-3.0780780780780779e+00 4.2040809486803303e-03 4.4702703898710637e-02 -4.0498622950030309e-02
-3.0680680680680679e+00 4.2314422590221286e-03 4.5178313473608331e-02 -4.0946871214586206e-02
-3.0580580580580579e+00 4.2590711702284777e-03 4.5403068827022414e-02 -4.1143997656793933e-02
-3.0480480480480479e+00 4.2869711782577277e-03 4.5375619856071810e-02 -4.1088648677814081e-02
-3.0380380380380378e+00 4.3151458362607189e-03 4.5096140355001889e-02 -4.0780994518741169e-02
-3.0280280280280278e+00 4.3435987557055708e-03 4.4566315237717397e-02 -4.0222716482011825e-02
-3.0180180180180178e+00 4.3723336075283210e-03 4.3789320064684951e-02 -3.9416986457156633e-02
-3.0080080080080078e+00 4.4013541233101014e-03 4.2769792836442763e-02 -3.8368438713132662e-02
-2.9979979979979978e+00 4.4306640964815484e-03 4.1513795966695743e-02 -3.7083131870214198e-02
-2.9879879879879878e+00 4.4602673835551620e-03 4.0028771770795696e-02 -3.5568504387240532e-02
-2.9779779779779778e+00 4.4901679053863733e-03 3.8323489878623683e-02 -3.3833321973237310e-02
-2.9679679679679678e+00 4.5203696484640687e-03 3.6407988338202309e-02 -3.1887618689738238e-02
-2.9579579579579578e+00 4.5508766662313710e-03 3.4293507378719633e-02 -2.9742630712488262e-02
-2.9479479479479478e+00 4.5816930804374731e-03 3.1992417592599014e-02 -2.7410724512161540e-02
-2.9379379379379378e+00 4.6128230825213910e-03 2.9518142031450954e-02 -2.4905318948929563e-02
-2.9279279279279278e+00 4.6442709350284555e-03 2.6885073364744567e-02 -2.2240802429716110e-02
-2.9179179179179178e+00 4.6760409730604744e-03 2.4108486868571293e-02 -1.9432445895510818e-02
-2.9079079079079078e+00 4.7081376057604455e-03 2.1204448718485199e-02 -1.6496311112724753e-02
-2.8978978978978978e+00 4.7405653178327839e-03 1.8189720725943045e-02 -1.3449155408110262e-02
-2.8878878878878878e+00 4.7733286711000291e-03 1.5081662587176808e-02 -1.0308333916076780e-02
-2.8778778778778777e+00 4.8064323060970368e-03 1.1898131863230415e-02 -7.0916995571333784e-03
-2.8678678678678677e+00 4.8398809437036772e-03 8.6573811941167492e-03 -3.8175002504130719e-03
-2.8578578578578577e+00 4.8736793868171284e-03 5.3779552776498313e-03 -5.0427589083270295e-04
-2.8478478478478477e+00 4.9078325220648401e-03 2.0785868264378798e-03 2.8292456956269603e-03
-2.8378378378378377e+00 4.9423453215593121e-03 -1.2219080713094163e-03 6.1642533928687286e-03
-2.8278278278278277e+00 4.9772228446958514e-03 -4.5047331775461205e-03 9.4819560222419719e-03
-2.8178178178178177e+00 5.0124702399945249e-03 -7.7512152992435992e-03 1.2763685539238123e-02
-2.8078078078078077e+00 5.0480927469875288e-03 -1.0942905222627895e-02 1.5990997969615423e-02
-2.7977977977977977e+00 5.0840956981532829e-03 -1.4061677219429969e-02 1.9145772917583251e-02
-2.7877877877877877e+00 5.1204845208985489e-03 -1.7089825549803352e-02 2.2210310070701900e-02
-2.7777777777777777e+00 5.1572647395899665e-03 -2.0010158293552151e-02 2.5167423033142119e-02
-2.7677677677677677e+00 5.1944419776363783e-03 -2.2806087574112118e-02 2.8000529551748497e-02
-2.7577577577577577e+00 5.2320219596234474e-03 -2.5461715803220129e-02 3.0693737762843575e-02
-2.7477477477477477e+00 5.2700105135020225e-03 -2.7961918132714009e-02 3.3231928646216033e-02
-2.7377377377377377e+00 5.3084135728318355e-03 -3.0292419194292073e-02 3.5600832767123905e-02
-2.7277277277277276e+00 5.3472371790821045e-03 -3.2439866180575566e-02 3.7787103359657667e-02
-2.7177177177177176e+00 5.3864874839907335e-03 -3.4391895484796153e-02 3.9778382968786885e-02
-2.7077077077077076e+00 5.4261707519837610e-03 -3.6137194432109485e-02 4.1563365184093246e-02
-2.6976976976976976e+00 5.4662933626568825e-03 -3.7665556439499523e-02 4.3131849802156404e-02
-2.6876876876876876e+00 5.5068618133208170e-03 -3.8967931255910290e-02 4.4474793069231106e-02
-2.6776776776776776e+00 5.5478827216124274e-03 -4.0036467150679579e-02 4.5584349872292006e-02
-2.6676676676676676e+00 5.5893628281735372e-03 -4.0864548879807200e-02 4.6453911707980737e-02
-2.6576576576576576e+00 5.6313089993994371e-03 -4.1446826829676403e-02 4.7078135829075843e-02
-2.6476476476476476e+00 5.6737282302591723e-03 -4.1779241260841142e-02 4.7452969491100311e-02
-2.6376376376376376e+00 5.7166276471897533e-03 -4.1859038986316245e-02 4.7575666633506000e-02
-2.6276276276276276e+00 5.7600145110665059e-03 -4.1684783540239100e-02 4.7444798051305609e-02
-2.6176176176176176e+00 5.8038962202518482e-03 -4.1256358683509832e-02 4.7060254903761679e-02
-2.6076076076076076e+00 5.8482803137248820e-03 -4.0574965062407542e-02 4.6423245376132426e-02
-2.5975975975975976e+00 5.8931744742942290e-03 -3.9643110698258814e-02 4.5536285172553044e-02
-2.5875875875875876e+00 5.9385865318966691e-03 -3.8464594463805984e-02 4.4403180995702653e-02
-2.5775775775775776e+00 5.9845244669841846e-03 -3.7044483545454455e-02 4.3029008012438641e-02
-2.5675675675675675e+00 6.0309964140021323e-03 -3.5389084761676626e-02 4.1420081175678761e-02
-2.5575575575575575e+00 6.0780106649613499e-03 -3.3505909552479785e-02 3.9583920217441136e-02
-2.5475475475475475e+00 6.1255756731071033e-03 -3.1403633769266165e-02 3.7529209442373271e-02
-2.5375375375375375e+00 6.1737000566878713e-03 -2.9092051337886150e-02 3.5265751394574024e-02
-2.5275275275275275e+00 6.2223926028270862e-03 -2.6582023033863016e-02 3.2804415636690100e-02
-2.5175175175175175e+00 6.2716622715010429e-03 -2.3885420176508004e-02 3.0157082448009048e-02
-2.5075075075075075e+00 6.3215181996263267e-03 -2.1015063764186326e-02 2.7336581963812653e-02
-2.4974974974974975e+00 6.3719697052601765e-03 -1.7984659125773437e-02 2.4356628831033615e-02
-2.4874874874874875e+00 6.4230262919173975e-03 -1.4808726602515216e-02 2.1231752894432614e-02
-2.4774774774774775e+00 6.4746976530074950e-03 -1.1502528718049172e-02 1.7977226371056667e-02
-2.4674674674674675e+00 6.5269936763958751e-03 -8.0819940588008152e-03 1.4608987735196690e-02
-2.4574574574574575e+00 6.5799244490930804e-03 -4.5636381535569025e-03 1.1143562602649983e-02
-2.4474474474474475e+00 6.6335002620761712e-03 -9.6448204082311422e-04 7.5979823028992852e-03
-2.4374374374374375e+00 6.6877316152465279e-03 2.6980313754113709e-03 3.9897002398351575e-03
-2.4274274274274275e+00 6.7426292225284722e-03 6.4061225812301302e-03 3.3650664129834199e-04
-2.4174174174174174e+00 6.7982040171133103e-03 1.0141762021388296e-02 -3.3435580042749857e-03
-2.4074074074074074e+00 6.8544671568535279e-03 1.3886757416894610e-02 -7.0322902600410825e-03
-2.3973973973973974e+00 6.9114300298120553e-03 1.7622841691025758e-02 -1.0711411661213702e-02
-2.3873873873873874e+00 6.9691042599717415e-03 2.1331760817002377e-02 -1.4362656557030635e-02
-2.3773773773773774e+00 7.0275017131102612e-03 2.4995361352111140e-02 -1.7967859639000879e-02
-2.3673673673673674e+00 7.0866345028460336e-03 2.8595677115899172e-02 -2.1509042613053139e-02
-2.3573573573573574e+00 7.1465149968607646e-03 3.2115014891609568e-02 -2.4968499894748804e-02
-2.3473473473473474e+00 7.2071558233045762e-03 3.5536038324688511e-02 -2.8328882501383934e-02
-2.3373373373373374e+00 7.2685698773898378e-03 3.8841850164294138e-02 -3.1573280286904301e-02
-2.3273273273273274e+00 7.3307703281800408e-03 4.2016072005302989e-02 -3.4685301677122950e-02
-2.3173173173173174e+00 7.3937706255803783e-03 4.5042921573029929e-02 -3.7649150947449549e-02
-2.3073073073073074e+00 7.4575845075368083e-03 4.7907286912555067e-02 -4.0449702405018259e-02
-2.2972972972972974e+00 7.5222260074507960e-03 5.0594797316373209e-02 -4.3072571308922412e-02
-2.2872872872872874e+00 7.5877094618170800e-03 5.3091890791749703e-02 -4.5504181329932621e-02
-2.2772772772772774e+00 7.6540495180921686e-03 5.5385877460159355e-02 -4.7731827942067186e-02
-2.2672672672672673e+00 7.7212611428015164e-03 5.7464998973155185e-02 -4.9743737830353671e-02
-2.2572572572572573e+00 7.7893596298937084e-03 5.9318483499521617e-02 -5.1529123869627907e-02
-2.2472472472472473e+00 7.8583606093502144e-03 6.0936596069318470e-02 -5.3078235459968259e-02
-2.2372372372372373e+00 7.9282800560597153e-03 6.2310684200408292e-02 -5.4382404144348577e-02
-2.2272272272272273e+00 7.9991342989662716e-03 6.3433218495925398e-02 -5.5434084196959124e-02
-2.2172172172172173e+00 8.0709400305010049e-03 6.4297828072818350e-02 -5.6226888042317347e-02
-2.2072072072072073e+00 8.1437143163073881e-03 6.4899330778922709e-02 -5.6755616462615323e-02
-2.1971971971971973e+00 8.2174746052705427e-03 6.5233757972279982e-02 -5.7016283367009438e-02
-2.1871871871871873e+00 8.2922387398614798e-03 6.5298373886881519e-02 -5.7006135147020041e-02
-2.1771771771771773e+00 8.3680249668075645e-03 6.5091689409508990e-02 -5.6723664442701424e-02
-2.1671671671671673e+00 8.4448519481010037e-03 6.4613470338298132e-02 -5.6168618390197128e-02
-2.1571571571571573e+00 8.5227387723575843e-03 6.3864740036256556e-02 -5.5342001263898974e-02
-2.1471471471471473e+00 8.6017049665384517e-03 6.2847776513007866e-02 -5.4246071546469418e-02
-2.1371371371371373e+00 8.6817705080481748e-03 6.1566103951450388e-02 -5.2884333443402209e-02
-2.1271271271271273e+00 8.7629558372229362e-03 6.0024478802280609e-02 -5.1261522965057676e-02
-2.1171171171171173e+00 8.8452818702232511e-03 5.8228870416673691e-02 -4.9383588546450440e-02
-2.1071071071071072e+00 8.9287700123462030e-03 5.6186436395227413e-02 -4.7257666382881210e-02
-2.0970970970970972e+00 9.0134421717728060e-03 5.3905492779436695e-02 -4.4892050607663887e-02
-2.0870870870870872e+00 9.0993207737668034e-03 5.1395479186438983e-02 -4.2296158412672182e-02
-2.0770770770770772e+00 9.1864287753418376e-03 4.8666919053610619e-02 -3.9480490278268783e-02
-2.0670670670670672e+00 9.2747896804146728e-03 4.5731375242356750e-02 -3.6456585561942076e-02
-2.0570570570570572e+00 9.3644275554629237e-03 4.2601401104660687e-02 -3.3236973549197760e-02
-2.0470470470470472e+00 9.4553670457064969e-03 3.9290487314986577e-02 -2.9835120269280081e-02
-2.0370370370370372e+00 9.5476333918327761e-03 3.5813004645853339e-02 -2.6265371254020564e-02
-2.0270270270270272e+00 9.6412524472865024e-03 3.2184142984094832e-02 -2.2542890536808330e-02
-2.0170170170170172e+00 9.7362506961461044e-03 2.8419846806431375e-02 -1.8683596110285271e-02
-2.0070070070070072e+00 9.8326552716092915e-03 2.4536747442445939e-02 -1.4704092170836647e-02
-1.9969969969969972e+00 9.9304939751116584e-03 2.0552092357644474e-02 -1.0621598382532816e-02
-1.9869869869869872e+00 1.0029795296103077e-02 1.6483671828118027e-02 -6.4538765320149502e-03
-1.9769769769769772e+00 1.0130588432507802e-02 1.2349743238528457e-02 -2.2191548060206557e-03
-1.9669669669669672e+00 1.0232903311895318e-02 8.1689533824992437e-03 2.0639499293960747e-03
-1.9569569569569571e+00 1.0336770613390186e-02 3.9602590765216213e-03 6.3765115368685649e-03
-1.9469469469469471e+00 1.0442221790350403e-02 -2.5715362222972779e-04 1.0699375412580130e-02
-1.9369369369369371e+00 1.0549289093845091e-02 -4.4639511841152151e-03 1.5013240277960306e-02
-1.9269269269269271e+00 1.0658005596963798e-02 -8.6407351013120127e-03 1.9298740698275810e-02
-1.9169169169169171e+00 1.0768405219991065e-02 -1.2768124716703634e-02 2.3536529936694701e-02
-1.9069069069069071e+00 1.0880522756481518e-02 -1.6826840076419561e-02 2.7707362832901081e-02
-1.8968968968968971e+00 1.0994393900272308e-02 -2.0797784446998990e-02 3.1792178347271299e-02
-1.8868868868868871e+00 1.1110055273471508e-02 -2.4662126189784271e-02 3.5772181463255781e-02
-1.8768768768768771e+00 1.1227544455462724e-02 -2.8401379620639468e-02 3.9628924076102190e-02
-1.8668668668668671e+00 1.1346900012968194e-02 -3.1997484579644062e-02 4.3344384592612258e-02
-1.8568568568568571e+00 1.1468161531214521e-02 -3.5432884340044553e-02 4.6901045871259074e-02
-1.8468468468468471e+00 1.1591369646247313e-02 -3.8690601580469740e-02 5.0281971226717057e-02
-1.8368368368368371e+00 1.1716566078443198e-02 -4.1754312099597728e-02 5.3470878178040929e-02
-1.8268268268268271e+00 1.1843793667269906e-02 -4.4608415977595767e-02 5.6452209644865671e-02
-1.8168168168168171e+00 1.1973096407347651e-02 -4.7238105910971516e-02 5.9211202318319167e-02
-1.8068068068068071e+00 1.2104519485867476e-02 -4.9629432438264801e-02 6.1733951924132280e-02
-1.7967967967967970e+00 1.2238109321424983e-02 -5.1769365806409819e-02 6.4007475127834806e-02
-1.7867867867867866e+00 1.2373913604330699e-02 -5.3645854222795240e-02 6.6019767827125944e-02
-1.7767767767767766e+00 1.2511981338461221e-02 -5.5247878270540798e-02 6.7759859609002021e-02
-1.7667667667667666e+00 1.2652362884718609e-02 -5.6565501271115259e-02 6.9217864155833864e-02
-1.7567567567567566e+00 1.2795110006168574e-02 -5.7589915382571188e-02 7.0385025388739766e-02
-1.7467467467467466e+00 1.2940275914931697e-02 -5.8313483275026119e-02 7.1253759189957813e-02
-1.7367367367367366e+00 1.3087915320905532e-02 -5.8729775189764827e-02 7.1817690510670357e-02
-1.7267267267267266e+00 1.3238084482399244e-02 -5.8833601250235498e-02 7.2071685732634741e-02
-1.7167167167167166e+00 1.3390841258766800e-02 -5.8621038900250728e-02 7.2011880159017522e-02
-1.7067067067067065e+00 1.3546245165128701e-02 -5.8089455347546178e-02 7.1635700512674871e-02
-1.6966966966966965e+00 1.3704357429277142e-02 -5.7237524920852698e-02 7.0941882350129840e-02
-1.6866866866866865e+00 1.3865241050864185e-02 -5.6065241285994744e-02 6.9930482336858932e-02
-1.6766766766766765e+00 1.4028960862977592e-02 -5.4573924440900791e-02 6.8602885303878383e-02
-1.6666666666666665e+00 1.4195583596214515e-02 -5.2766222485494271e-02 6.6961806081708791e-02
-1.6566566566566565e+00 1.4365177945368795e-02 -5.0646108129732983e-02 6.5011286075101773e-02
-1.6466466466466465e+00 1.4537814638853810e-02 -4.8218869962369834e-02 6.2756684601223647e-02
-1.6366366366366365e+00 1.4713566510989033e-02 -4.5491098494801027e-02 6.0204665005790060e-02
-1.6266266266266265e+00 1.4892508577285465e-02 -4.2470667032951936e-02 5.7363175610237405e-02
-1.6166166166166165e+00 1.5074718112871947e-02 -3.9166707444452852e-02 5.4241425557324800e-02
-1.6066066066066065e+00 1.5260274734212310e-02 -3.5589580887587388e-02 5.0849855621799694e-02
-1.5965965965965965e+00 1.5449260484270984e-02 -3.1750843628155369e-02 4.7200104112426353e-02
-1.5865865865865865e+00 1.5641759921293505e-02 -2.7663208042227345e-02 4.3304967963520846e-02
-1.5765765765765765e+00 1.5837860211377144e-02 -2.3340498957802786e-02 3.9178359169179930e-02
-1.5665665665665665e+00 1.6037651225016603e-02 -1.8797605479489232e-02 3.4835256704505838e-02
-1.5565565565565564e+00 1.6241225637819798e-02 -1.4050428471336057e-02 3.0291654109155856e-02
-1.5465465465465464e+00 1.6448679035599423e-02 -9.1158238889194800e-03 2.5564502924518902e-02
-1.5365365365365364e+00 1.6660110024057647e-02 -4.0115421508085114e-03 2.0671652174866158e-02
-1.5265265265265264e+00 1.6875620343293065e-02 1.2438362248274500e-03 1.5631784118465615e-02
-1.5165165165165164e+00 1.7095314987372264e-02 6.6309684890924663e-03 1.0464346498279799e-02
-1.5065065065065064e+00 1.7319302329221700e-02 1.2129820806678262e-02 5.1894815225434383e-03
-1.4964964964964964e+00 1.7547694251110350e-02 1.7719742402858694e-02 -1.7204815174834409e-04
-1.4864864864864864e+00 1.7780606281008915e-02 2.3379542467758405e-02 -5.5989361867494897e-03
-1.4764764764764764e+00 1.8018157735127788e-02 2.9087569529127499e-02 -1.1069411793999711e-02
-1.4664664664664664e+00 1.8260471866953534e-02 3.4821793018221206e-02 -1.6561321151267672e-02
-1.4564564564564564e+00 1.8507676023122036e-02 4.0559886737233777e-02 -2.2052210714111741e-02
-1.4464464464464464e+00 1.8759901806486508e-02 4.6279313925125735e-02 -2.7519412118639227e-02
-1.4364364364364364e+00 1.9017285246759320e-02 5.1957413625117244e-02 -3.2940128378357927e-02
-1.4264264264264264e+00 1.9279966979129322e-02 5.7571488041154355e-02 -3.8291521062025033e-02
-1.4164164164164164e+00 1.9548092431280004e-02 6.3098890571709240e-02 -4.3550798140429239e-02
-1.4064064064064064e+00 1.9821812019259474e-02 6.8517114207717153e-02 -4.8695302188457676e-02
-1.3963963963963963e+00 2.0101281352680335e-02 7.3803879978090112e-02 -5.3702598625409777e-02
-1.3863863863863863e+00 2.0386661449756552e-02 7.8937225127018382e-02 -5.8550563677261830e-02
-1.3763763763763763e+00 2.0678118962715319e-02 8.3895590706331971e-02 -6.3217471743616652e-02
-1.3663663663663663e+00 2.0975826414154960e-02 8.8657908268833879e-02 -6.7682081854678916e-02
-1.3563563563563563e+00 2.1279962444955211e-02 9.3203685355212090e-02 -7.1923722910256879e-02
-1.3463463463463463e+00 2.1590712074383782e-02 9.7513089462528235e-02 -7.5922377388144446e-02
-1.3363363363363363e+00 2.1908266973083550e-02 1.0156703019563298e-01 -7.9658763222549431e-02
-1.3263263263263263e+00 2.2232825749667635e-02 1.0534723930470236e-01 -8.3114413555034725e-02
-1.3163163163163163e+00 2.2564594251695724e-02 1.0883634832036086e-01 -8.6271754068665135e-02
-1.3063063063063063e+00 2.2903785881854315e-02 1.1201796350278381e-01 -8.9114177620929491e-02
-1.2962962962962963e+00 2.3250621930216243e-02 1.1487673783727087e-01 -9.1626115907054634e-02
-1.2862862862862863e+00 2.3605331923511424e-02 1.1739843980920148e-01 -9.3793107885690050e-02
-1.2762762762762763e+00 2.3968153992401191e-02 1.1957001870933377e-01 -9.5601864716932577e-02
-1.2662662662662663e+00 2.4339335257813538e-02 1.2137966622907674e-01 -9.7040330971263203e-02
-1.2562562562562563e+00 2.4719132237466114e-02 1.2281687411676669e-01 -9.8097741879300565e-02
-1.2462462462462462e+00 2.5107811273778369e-02 1.2387248768056881e-01 -9.8764676406790444e-02
-1.2362362362362362e+00 2.5505648984454503e-02 1.2453875493757395e-01 -9.9033105953119455e-02
-1.2262262262262262e+00 2.5912932737104523e-02 1.2480937122071013e-01 -9.8896438483605603e-02
-1.2162162162162162e+00 2.6329961149363389e-02 1.2467951907367271e-01 -9.8349557924309328e-02
-1.2062062062062062e+00 2.6757044616067087e-02 1.2414590327577532e-01 -9.7388858659708227e-02
-1.1961961961961962e+00 2.7194505865151462e-02 1.2320678085800017e-01 -9.6012274992848715e-02
-1.1861861861861862e+00 2.7642680544053937e-02 1.2186198598548754e-01 -9.4219305441433615e-02
-1.1761761761761762e+00 2.8101917838522037e-02 1.2011294960090492e-01 -9.2011031762382886e-02
-1.1661661661661662e+00 2.8572581125865068e-02 1.1796271373780302e-01 -8.9390132611937956e-02
-1.1561561561561562e+00 2.9055048664828689e-02 1.1541594043321192e-01 -8.6360891768383227e-02
-1.1461461461461462e+00 2.9549714324425810e-02 1.1247891518402174e-01 -8.2929200859595931e-02
-1.1361361361361362e+00 3.0056988354223720e-02 1.0915954491212687e-01 -7.9102556557903159e-02
-1.1261261261261262e+00 3.0577298198766083e-02 1.0546735041858346e-01 -7.4890052219817371e-02
-1.1161161161161162e+00 3.1111089359001847e-02 1.0141345332778622e-01 -7.0302363968784365e-02
-1.1061061061061062e+00 3.1658826303801471e-02 9.7010557538289299e-02 -6.5351731234487828e-02
-1.0960960960960962e+00 3.2220993434866167e-02 9.2272925217284307e-02 -6.0051931782418140e-02
-1.0860860860860861e+00 3.2798096108578804e-02 8.7216347390868448e-02 -5.4418251282289644e-02
-1.0760760760760761e+00 3.3390661718608272e-02 8.1858109203195320e-02 -4.8467447484587048e-02
-1.0660660660660661e+00 3.3999240843362928e-02 7.6216949931630779e-02 -4.2217709088267850e-02
-1.0560560560560561e+00 3.4624408462696536e-02 7.0313017865241995e-02 -3.5688609402545458e-02
-1.0460460460460461e+00 3.5266765248602519e-02 6.4167820168321607e-02 -2.8901054919719088e-02
-1.0360360360360361e+00 3.5926938934992672e-02 5.7804167869047275e-02 -2.1877228934054603e-02
-1.0260260260260261e+00 3.6605585772046596e-02 5.1246116127735317e-02 -1.4640530355688720e-02
-1.0160160160160161e+00 3.7303392071041129e-02 4.4518899955837410e-02 -7.2155078847962809e-03
-1.0060060060060061e+00 3.8021075846027132e-02 3.7648865571152143e-02 3.7221027487498864e-04
-9.9599599599599564e-01 3.8759388559218677e-02 3.0663397588976835e-02 8.0959909702418426e-03
-9.8598598598598564e-01 3.9519116977498624e-02 2.3590842263297572e-02 1.5928274714201052e-02
-9.7597597597597563e-01 4.0301085148031254e-02 1.6460427004211992e-02 2.3840658143819263e-02
-9.6596596596596562e-01 4.1106156501607656e-02 9.3021764108728432e-03 3.1803980090734811e-02
-9.5595595595595562e-01 4.1935236093041700e-02 2.1468250705497854e-03 3.9788411022491914e-02
-9.4594594594594561e-01 4.2789272988685408e-02 -4.9742726149240701e-03 4.7763545603609479e-02
-9.3593593593593560e-01 4.3669262811949432e-02 -1.2029235304294988e-02 5.5698498116244416e-02
-9.2592592592592560e-01 4.4576250458603431e-02 -1.8985750012574854e-02 6.3562000471178284e-02
-9.1591591591591559e-01 4.5511332994598051e-02 -2.5811169539340862e-02 7.1322502533938917e-02
-9.0590590590590558e-01 4.6475662750203470e-02 -3.2472611733201699e-02 7.8948274483405162e-02
-8.9589589589589558e-01 4.7470450625405947e-02 -3.8937060290321013e-02 8.6407510915726959e-02
-8.8588588588588557e-01 4.8496969622753267e-02 -4.5171466779081425e-02 9.3668436401834698e-02
-8.7587587587587556e-01 4.9556558625201183e-02 -5.1142853578525896e-02 1.0069941220372708e-01
-8.6586586586586556e-01 5.0650626437996775e-02 -5.6818417414736810e-02 1.0746904385273359e-01
-8.5585585585585555e-01 5.1780656115253079e-02 -6.2165633176755886e-02 1.1394628929200896e-01
-8.4584584584584555e-01 5.2948209593633014e-02 -6.7152357691856401e-02 1.2010056728548942e-01
-8.3583583583583554e-01 5.4154932657486277e-02 -7.1746933139779159e-02 1.2590186579726542e-01
-8.2582582582582553e-01 5.5402560261881797e-02 -7.5918289785449136e-02 1.3132085004733093e-01
-8.1581581581581553e-01 5.6692922242269898e-02 -7.9636047711632907e-02 1.3632896995390281e-01
-8.0580580580580552e-01 5.8027949442007787e-02 -8.2870617234770655e-02 1.4089856667677844e-01
-7.9579579579579551e-01 5.9409680291709614e-02 -8.5593297691008596e-02 1.4500297798271822e-01
-7.8578578578578551e-01 6.0840267877358384e-02 -8.7776374283598690e-02 1.4861664216095707e-01
-7.7577577577577550e-01 6.2321987537363524e-02 -8.9393212687889370e-02 1.5171520022525289e-01
-7.6576576576576549e-01 6.3857245032288873e-02 -9.0418351116639900e-02 1.5427559614892877e-01
-7.5575575575575549e-01 6.5448585334836107e-02 -9.0827589555244587e-02 1.5627617489008069e-01
-7.4574574574574548e-01 6.7098702091877307e-02 -9.0598075884383303e-02 1.5769677797626061e-01
-7.3573573573573547e-01 6.8810447814911982e-02 -8.9708388616627818e-02 1.5851883643153980e-01
-7.2572572572572547e-01 7.0586844860313913e-02 -8.8138615983080884e-02 1.5872546084339478e-01
-7.1571571571571546e-01 7.2431097266157068e-02 -8.5870431116496809e-02 1.5830152838265388e-01
-7.0570570570570545e-01 7.4346603518304272e-02 -8.2887163088830249e-02 1.5723376660713451e-01
-6.9569569569569545e-01 7.6336970324835718e-02 -7.9173863572818054e-02 1.5551083389765377e-01
-6.8568568568568544e-01 7.8406027484820492e-02 -7.4717368910162715e-02 1.5312339639498321e-01
-6.7567567567567544e-01 8.0557843944921784e-02 -6.9506357381963424e-02 1.5006420132688519e-01
-6.6566566566566543e-01 8.2796745145402778e-02 -6.3531401491209671e-02 1.4632814663661245e-01
-6.5565565565565542e-01 8.5127331765786518e-02 -5.6785015081577989e-02 1.4191234684736451e-01
-6.4564564564564542e-01 8.7554499989735662e-02 -4.9261695131797699e-02 1.3681619512153337e-01
-6.3563563563563541e-01 9.0083463418658652e-02 -4.0957958080572968e-02 1.3104142149923162e-01
-6.2562562562562540e-01 9.2719776774109461e-02 -3.1872370552848361e-02 1.2459214732695782e-01
-6.1561561561561540e-01 9.5469361540196737e-02 -2.2005574374765070e-02 1.1747493591496180e-01
-6.0560560560560539e-01 9.8338533708898196e-02 -1.1360305781280245e-02 1.0969883949017845e-01
-5.9559559559559538e-01 1.0133403380329406e-01 5.8591262452159813e-05 1.0127544254084191e-01
-5.8558558558558538e-01 1.0446305936615068e-01 1.2244157687682351e-02 9.2218901678468329e-02
-5.7557557557557537e-01 1.0773330011380002e-01 2.5187317940755474e-02 8.2545982173044541e-02
-5.6556556556556536e-01 1.1115297596759242e-01 3.8876884620572864e-02 7.2276091347019567e-02
-5.5555555555555536e-01 1.1473087818696891e-01 5.3299569143671503e-02 6.1431309043297404e-02
-5.4554554554554535e-01 1.1847641383888609e-01 6.8439998428079366e-02 5.0036415410806723e-02
-5.3553553553553535e-01 1.2239965384725771e-01 8.4280737569409223e-02 3.8118916277848483e-02
-5.2552552552552534e-01 1.2651138487234667e-01 1.0080231846499189e-01 2.5709066407354778e-02
-5.1551551551551533e-01 1.3082316527248822e-01 1.1798327432428343e-01 1.2839890948204785e-02
-5.0550550550550533e-01 1.3534738539763211e-01 1.3580017998650915e-01 -4.5279458887703683e-04
-4.9549549549549532e-01 1.4009733245400596e-01 1.5422769794929148e-01 -1.4130365495285513e-02
-4.8548548548548531e-01 1.4508726015922374e-01 1.7323862999523854e-01 -2.8151369836014795e-02
-4.7547547547547531e-01 1.5033246337419831e-01 1.9280397428684454e-01 -4.2471510912646226e-02
-4.6546546546546530e-01 1.5584935784819420e-01 2.1289298778398835e-01 -5.7043629935794149e-02
-4.5545545545545529e-01 1.6165556514113433e-01 2.3347325382251827e-01 -7.1817688681383940e-02
-4.4544544544544529e-01 1.6777000268633471e-01 2.5451075467715129e-01 -8.6740751990816573e-02
-4.3543543543543528e-01 1.7421297881900485e-01 2.7596994891715204e-01 -1.0175697009814719e-01
-4.2542542542542527e-01 1.8100629241083827e-01 2.9781385334906429e-01 -1.1680756093822603e-01
-4.1541541541541527e-01 1.8817333650600562e-01 3.2000412932711053e-01 -1.3183079282110491e-01
-4.0540540540540526e-01 1.9573920503288544e-01 3.4250117319894130e-01 -1.4676196816605586e-01
-3.9539539539539525e-01 2.0373080124916670e-01 3.6526421064206249e-01 -1.6153340939289579e-01
-3.8538538538538525e-01 2.1217694604120324e-01 3.8825139463469438e-01 -1.7607444859349114e-01
-3.7537537537537524e-01 2.2110848351192600e-01 4.1141990679394586e-01 -1.9031142328201986e-01
-3.6536536536536524e-01 2.3055838041909851e-01 4.3472606180407897e-01 -2.0416768138498045e-01
-3.5535535535535523e-01 2.4056181492378453e-01 4.5812541464839668e-01 -2.1756359972461214e-01
-3.4534534534534522e-01 2.5115624872597486e-01 4.8157287034975638e-01 -2.3041662162378151e-01
-3.3533533533533522e-01 2.6238147493996533e-01 5.0502279591718180e-01 -2.4264132097721647e-01
-3.2532532532532521e-01 2.7427963192699678e-01 5.2842913418924331e-01 -2.5414950226224653e-01
-3.1531531531531520e-01 2.8689517067945808e-01 5.5174551925909276e-01 -2.6485034857963469e-01
-3.0530530530530520e-01 3.0027476015652799e-01 5.7492539316105873e-01 -2.7465063300453074e-01
-2.9529529529529519e-01 3.1446711112147446e-01 5.9792212349475160e-01 -2.8345501237327714e-01
-2.8528528528528518e-01 3.2952269444956245e-01 6.2068912165951706e-01 -2.9116642720995461e-01
-2.7527527527527518e-01 3.4549332450791498e-01 6.4317996136998246e-01 -2.9768663686206748e-01
-2.6526526526526517e-01 3.6243157204355292e-01 6.6534849712224842e-01 -3.0291692507869550e-01
-2.5525525525525516e-01 3.8038996411836157e-01 6.8714898228005039e-01 -3.0675901816168882e-01
-2.4524524524524516e-01 3.9941992118868547e-01 7.0853618645098615e-01 -3.0911626526230068e-01
-2.3523523523523515e-01 4.1957037382085310e-01 7.2946551182452890e-01 -3.0989513800367580e-01
-2.2522522522522515e-01 4.4088599441780590e-01 7.4989310814623689e-01 -3.0900711372843098e-01
-2.1521521521521514e-01 4.6340497375124567e-01 7.6977598600609398e-01 -3.0637101225484831e-01
-2.0520520520520513e-01 4.8715626961680675e-01 7.8907212812344329e-01 -3.0191585850663655e-01
-1.9519519519519513e-01 5.1215625779395346e-01 8.0774059831636846e-01 -2.9558434052241500e-01
-1.8518518518518512e-01 5.3840472673559836e-01 8.2574164784970105e-01 -2.8733692111410269e-01
-1.7517517517517511e-01 5.6588018094539339e-01 8.4303681886302495e-01 -2.7715663791763157e-01
-1.6516516516516511e-01 5.9453445853930553e-01 8.5958904458808427e-01 -2.6505458604877874e-01
-1.5515515515515510e-01 6.2428673123044431e-01 8.7536274607392173e-01 -2.5107601484347741e-01
-1.4514514514514509e-01 6.5501704486534107e-01 8.9032392514773739e-01 -2.3530688028239632e-01
-1.3513513513513509e-01 6.8655967903711146e-01 9.0444025334997047e-01 -2.1788057431285901e-01
-1.2512512512512508e-01 7.1869675492177176e-01 9.1768115659332650e-01 -1.9898440167155473e-01
-1.1511511511511507e-01 7.5115269458824385e-01 9.3001789530743173e-01 -1.7886520071918788e-01
-1.0510510510510507e-01 7.8359031615246566e-01 9.4142363984343058e-01 -1.5783332369096492e-01
-9.5095095095095061e-02 8.1560950813402133e-01 9.5187354092614607e-01 -1.3626403279212473e-01
-8.5085085085085055e-02 8.4674952020403427e-01 9.6134479495530900e-01 -1.1459527475127473e-01
-7.5075075075075048e-02 8.7649588187868532e-01 9.6981670397183972e-01 -9.3320822093154399e-02
-6.5065065065065042e-02 9.0429275859756852e-01 9.7727073012016097e-01 -7.2977971522592444e-02
-5.5055055055055035e-02 9.2956113208882796e-01 9.8369054445302107e-01 -5.4129412364193108e-02
-4.5045045045045029e-02 9.5172253978062726e-01 9.8906206994120827e-01 -3.7339530160581003e-02
-3.5035035035035023e-02 9.7022727405295994e-01 9.9337351856688738e-01 -2.3146244513927439e-02
-2.5025025025025016e-02 9.8458504418789572e-01 9.9661542239594059e-01 -1.2030378208044867e-02
-1.5015015015015010e-02 9.9439532256039609e-01 9.9878065854167619e-01 -4.3853359812801029e-03
-5.0050050050050032e-03 9.9937414006845404e-01 9.9986446794948947e-01 -4.9032788103542391e-04
5.0050050050050032e-03 9.9937414006845404e-01 9.9986446794948936e-01 -4.9032788103531288e-04
1.5015015015015010e-02 9.9439532256039609e-01 9.9878065854167608e-01 -4.3853359812799919e-03
2.5025025025025016e-02 9.8458504418789572e-01 9.9661542239594070e-01 -1.2030378208044978e-02
3.5035035035035023e-02 9.7022727405295994e-01 9.9337351856688738e-01 -2.3146244513927439e-02
4.5045045045045029e-02 9.5172253978062726e-01 9.8906206994120827e-01 -3.7339530160581003e-02
5.5055055055055035e-02 9.2956113208882796e-01 9.8369054445302129e-01 -5.4129412364193330e-02
6.5065065065065042e-02 9.0429275859756852e-01 9.7727073012016141e-01 -7.2977971522592888e-02
7.5075075075075048e-02 8.7649588187868532e-01 9.6981670397184017e-01 -9.3320822093154843e-02
8.5085085085085055e-02 8.4674952020403427e-01 9.6134479495530967e-01 -1.1459527475127540e-01
9.5095095095095061e-02 8.1560950813402133e-01 9.5187354092614651e-01 -1.3626403279212518e-01
1.0510510510510507e-01 7.8359031615246566e-01 9.4142363984343103e-01 -1.5783332369096537e-01
1.1511511511511507e-01 7.5115269458824385e-01 9.3001789530743251e-01 -1.7886520071918866e-01
1.2512512512512508e-01 7.1869675492177176e-01 9.1768115659332739e-01 -1.9898440167155562e-01
1.3513513513513509e-01 6.8655967903711146e-01 9.0444025334997125e-01 -2.1788057431285979e-01
1.4514514514514509e-01 6.5501704486534107e-01 8.9032392514773806e-01 -2.3530688028239699e-01
1.5515515515515510e-01 6.2428673123044431e-01 8.7536274607392295e-01 -2.5107601484347863e-01
1.6516516516516511e-01 5.9453445853930553e-01 8.5958904458808560e-01 -2.6505458604878007e-01
1.7517517517517511e-01 5.6588018094539339e-01 8.4303681886302595e-01 -2.7715663791763256e-01
1.8518518518518512e-01 5.3840472673559836e-01 8.2574164784970261e-01 -2.8733692111410425e-01
1.9519519519519513e-01 5.1215625779395346e-01 8.0774059831636991e-01 -2.9558434052241644e-01
2.0520520520520513e-01 4.8715626961680675e-01 7.8907212812344485e-01 -3.0191585850663810e-01
2.1521521521521514e-01 4.6340497375124567e-01 7.6977598600609565e-01 -3.0637101225484997e-01
2.2522522522522515e-01 4.4088599441780590e-01 7.4989310814623855e-01 -3.0900711372843265e-01
2.3523523523523515e-01 4.1957037382085310e-01 7.2946551182453079e-01 -3.0989513800367768e-01
2.4524524524524516e-01 3.9941992118868547e-01 7.0853618645098815e-01 -3.0911626526230268e-01
2.5525525525525516e-01 3.8038996411836157e-01 6.8714898228005283e-01 -3.0675901816169127e-01
2.6526526526526517e-01 3.6243157204355292e-01 6.6534849712225086e-01 -3.0291692507869794e-01
2.7527527527527518e-01 3.4549332450791498e-01 6.4317996136998534e-01 -2.9768663686207036e-01
2.8528528528528518e-01 3.2952269444956245e-01 6.2068912165951939e-01 -2.9116642720995695e-01
2.9529529529529519e-01 3.1446711112147446e-01 5.9792212349475415e-01 -2.8345501237327969e-01
3.0530530530530520e-01 3.0027476015652799e-01 5.7492539316106173e-01 -2.7465063300453374e-01
3.1531531531531520e-01 2.8689517067945808e-01 5.5174551925909587e-01 -2.6485034857963780e-01
3.2532532532532521e-01 2.7427963192699678e-01 5.2842913418924686e-01 -2.5414950226225008e-01
3.3533533533533522e-01 2.6238147493996533e-01 5.0502279591718457e-01 -2.4264132097721924e-01
3.4534534534534522e-01 2.5115624872597486e-01 4.8157287034975965e-01 -2.3041662162378479e-01
3.5535535535535523e-01 2.4056181492378453e-01 4.5812541464839984e-01 -2.1756359972461531e-01
3.6536536536536524e-01 2.3055838041909851e-01 4.3472606180408263e-01 -2.0416768138498412e-01
3.7537537537537524e-01 2.2110848351192600e-01 4.1141990679394846e-01 -1.9031142328202247e-01
3.8538538538538525e-01 2.1217694604120324e-01 3.8825139463469804e-01 -1.7607444859349480e-01
3.9539539539539525e-01 2.0373080124916670e-01 3.6526421064206588e-01 -1.6153340939289917e-01
4.0540540540540526e-01 1.9573920503288544e-01 3.4250117319894513e-01 -1.4676196816605969e-01
4.1541541541541527e-01 1.8817333650600562e-01 3.2000412932711453e-01 -1.3183079282110891e-01
4.2542542542542527e-01 1.8100629241083827e-01 2.9781385334906840e-01 -1.1680756093823014e-01
4.3543543543543528e-01 1.7421297881900485e-01 2.7596994891715693e-01 -1.0175697009815207e-01
4.4544544544544529e-01 1.6777000268633471e-01 2.5451075467715595e-01 -8.6740751990821235e-02
4.5545545545545529e-01 1.6165556514113433e-01 2.3347325382252332e-01 -7.1817688681388991e-02
4.6546546546546530e-01 1.5584935784819420e-01 2.1289298778399288e-01 -5.7043629935798673e-02
4.7547547547547531e-01 1.5033246337419831e-01 1.9280397428684931e-01 -4.2471510912651000e-02
4.8548548548548531e-01 1.4508726015922374e-01 1.7323862999524436e-01 -2.8151369836020623e-02
4.9549549549549532e-01 1.4009733245400596e-01 1.5422769794929772e-01 -1.4130365495291758e-02
5.0550550550550533e-01 1.3534738539763211e-01 1.3580017998651456e-01 -4.5279458888244917e-04
5.1551551551551533e-01 1.3082316527248822e-01 1.1798327432429052e-01 1.2839890948197694e-02
5.2552552552552534e-01 1.2651138487234667e-01 1.0080231846499897e-01 2.5709066407347700e-02
5.3553553553553535e-01 1.2239965384725771e-01 8.4280737569416522e-02 3.8118916277841183e-02
5.4554554554554535e-01 1.1847641383888609e-01 6.8439998428085527e-02 5.0036415410800561e-02
5.5555555555555536e-01 1.1473087818696891e-01 5.3299569143678976e-02 6.1431309043289931e-02
5.6556556556556536e-01 1.1115297596759242e-01 3.8876884620580573e-02 7.2276091347011850e-02
5.7557557557557537e-01 1.0773330011380002e-01 2.5187317940762469e-02 8.2545982173037546e-02
5.8558558558558538e-01 1.0446305936615068e-01 1.2244157687690780e-02 9.2218901678459891e-02
5.9559559559559538e-01 1.0133403380329406e-01 5.8591262462252868e-05 1.0127544254083180e-01
6.0560560560560539e-01 9.8338533708898196e-02 -1.1360305781271835e-02 1.0969883949017004e-01
6.1561561561561540e-01 9.5469361540196737e-02 -2.2005574374754047e-02 1.1747493591495078e-01
6.2562562562562540e-01 9.2719776774109461e-02 -3.1872370552837571e-02 1.2459214732694704e-01
6.3563563563563541e-01 9.0083463418658652e-02 -4.0957958080560825e-02 1.3104142149921949e-01
6.4564564564564542e-01 8.7554499989735662e-02 -4.9261695131785035e-02 1.3681619512152071e-01
6.5565565565565542e-01 8.5127331765786518e-02 -5.6785015081564139e-02 1.4191234684735066e-01
6.6566566566566543e-01 8.2796745145402778e-02 -6.3531401491197959e-02 1.4632814663660074e-01
6.7567567567567544e-01 8.0557843944921784e-02 -6.9506357381949685e-02 1.5006420132687148e-01
6.8568568568568544e-01 7.8406027484820492e-02 -7.4717368910150309e-02 1.5312339639497080e-01
6.9569569569569545e-01 7.6336970324835718e-02 -7.9173863572804551e-02 1.5551083389764025e-01
7.0570570570570545e-01 7.4346603518304272e-02 -8.2887163088811860e-02 1.5723376660711613e-01
7.1571571571571546e-01 7.2431097266157068e-02 -8.5870431116478949e-02 1.5830152838263600e-01
7.2572572572572547e-01 7.0586844860313913e-02 -8.8138615983060997e-02 1.5872546084337491e-01
7.3573573573573547e-01 6.8810447814911982e-02 -8.9708388616609916e-02 1.5851883643152190e-01
7.4574574574574548e-01 6.7098702091877307e-02 -9.0598075884361265e-02 1.5769677797623857e-01
7.5575575575575549e-01 6.5448585334836107e-02 -9.0827589555224700e-02 1.5627617489006079e-01
7.6576576576576549e-01 6.3857245032288873e-02 -9.0418351116618931e-02 1.5427559614890779e-01
7.7577577577577550e-01 6.2321987537363524e-02 -8.9393212687863391e-02 1.5171520022522691e-01
7.8578578578578551e-01 6.0840267877358384e-02 -8.7776374283574626e-02 1.4861664216093301e-01
7.9579579579579551e-01 5.9409680291709614e-02 -8.5593297690982201e-02 1.4500297798269182e-01
8.0580580580580552e-01 5.8027949442007787e-02 -8.2870617234734920e-02 1.4089856667674272e-01
8.1581581581581553e-01 5.6692922242269898e-02 -7.9636047711599434e-02 1.3632896995386934e-01
8.2582582582582553e-01 5.5402560261881797e-02 -7.5918289785413831e-02 1.3132085004729563e-01
8.3583583583583554e-01 5.4154932657486277e-02 -7.1746933139740107e-02 1.2590186579722640e-01
8.4584584584584555e-01 5.2948209593633014e-02 -6.7152357691824080e-02 1.2010056728545709e-01
8.5585585585585555e-01 5.1780656115253079e-02 -6.2165633176716667e-02 1.1394628929196975e-01
8.6586586586586556e-01 5.0650626437996775e-02 -5.6818417414697030e-02 1.0746904385269380e-01
8.7587587587587556e-01 4.9556558625201183e-02 -5.1142853578478989e-02 1.0069941220368017e-01
8.8588588588588557e-01 4.8496969622753267e-02 -4.5171466779036995e-02 9.3668436401790262e-02
8.9589589589589558e-01 4.7470450625405947e-02 -3.8937060290274272e-02 8.6407510915680219e-02
9.0590590590590558e-01 4.6475662750203470e-02 -3.2472611733150039e-02 7.8948274483353509e-02
9.1591591591591559e-01 4.5511332994598051e-02 -2.5811169539289712e-02 7.1322502533887763e-02
9.2592592592592560e-01 4.4576250458603431e-02 -1.8985750012523703e-02 6.3562000471127131e-02
9.3593593593593560e-01 4.3669262811949432e-02 -1.2029235304236489e-02 5.5698498116185921e-02
9.4594594594594561e-01 4.2789272988685408e-02 -4.9742726148639472e-03 4.7763545603549354e-02
9.5595595595595562e-01 4.1935236093041700e-02 2.1468250706304639e-03 3.9788411022411235e-02
9.6596596596596562e-01 4.1106156501607656e-02 9.3021764109374270e-03 3.1803980090670231e-02
9.7597597597597563e-01 4.0301085148031254e-02 1.6460427004283209e-02 2.3840658143748045e-02
9.8598598598598564e-01 3.9519116977498624e-02 2.3590842263381220e-02 1.5928274714117403e-02
9.9599599599599564e-01 3.8759388559218677e-02 3.0663397589052132e-02 8.0959909701665451e-03
1.0060060060060056e+00 3.8021075846027166e-02 3.7648865571216668e-02 3.7221027481049856e-04
1.0160160160160157e+00 3.7303392071041164e-02 4.4518899955919899e-02 -7.2155078848787357e-03
1.0260260260260257e+00 3.6605585772046631e-02 5.1246116127821331e-02 -1.4640530355774700e-02
1.0360360360360357e+00 3.5926938934992707e-02 5.7804167869148292e-02 -2.1877228934155585e-02
1.0460460460460457e+00 3.5266765248602561e-02 6.4167820168426287e-02 -2.8901054919823727e-02
1.0560560560560557e+00 3.4624408462696564e-02 7.0313017865333061e-02 -3.5688609402636497e-02
1.0660660660660657e+00 3.3999240843362956e-02 7.6216949931732419e-02 -4.2217709088369464e-02
1.0760760760760757e+00 3.3390661718608300e-02 8.1858109203286858e-02 -4.8467447484678558e-02
1.0860860860860857e+00 3.2798096108578832e-02 8.7216347390984009e-02 -5.4418251282405176e-02
1.0960960960960957e+00 3.2220993434866188e-02 9.2272925217391707e-02 -6.0051931782525519e-02
1.1061061061061057e+00 3.1658826303801492e-02 9.7010557538432587e-02 -6.5351731234631089e-02
1.1161161161161157e+00 3.1111089359001864e-02 1.0141345332789509e-01 -7.0302363968893222e-02
1.1261261261261257e+00 3.0577298198766110e-02 1.0546735041871869e-01 -7.4890052219952569e-02
1.1361361361361357e+00 3.0056988354223747e-02 1.0915954491225749e-01 -7.9102556558033749e-02
1.1461461461461457e+00 2.9549714324425835e-02 1.1247891518418097e-01 -8.2929200859755137e-02
1.1561561561561557e+00 2.9055048664828706e-02 1.1541594043336352e-01 -8.6360891768534814e-02
1.1661661661661658e+00 2.8572581125865092e-02 1.1796271373798509e-01 -8.9390132612119991e-02
1.1761761761761758e+00 2.8101917838522054e-02 1.2011294960105708e-01 -9.2011031762535028e-02
1.1861861861861858e+00 2.7642680544053961e-02 1.2186198598565032e-01 -9.4219305441596360e-02
1.1961961961961958e+00 2.7194505865151482e-02 1.2320678085816461e-01 -9.6012274993013125e-02
1.2062062062062058e+00 2.6757044616067108e-02 1.2414590327600021e-01 -9.7388858659933103e-02
1.2162162162162158e+00 2.6329961149363409e-02 1.2467951907389548e-01 -9.8349557924532066e-02
1.2262262262262258e+00 2.5912932737104544e-02 1.2480937122094021e-01 -9.8896438483835669e-02
1.2362362362362358e+00 2.5505648984454520e-02 1.2453875493778906e-01 -9.9033105953334533e-02
1.2462462462462458e+00 2.5107811273778383e-02 1.2387248768083627e-01 -9.8764676407057883e-02
1.2562562562562558e+00 2.4719132237466131e-02 1.2281687411701037e-01 -9.8097741879544231e-02
1.2662662662662658e+00 2.4339335257813555e-02 1.2137966622935019e-01 -9.7040330971536637e-02
1.2762762762762758e+00 2.3968153992401209e-02 1.1957001870957892e-01 -9.5601864717177715e-02
1.2862862862862858e+00 2.3605331923511438e-02 1.1739843980944385e-01 -9.3793107885932411e-02
1.2962962962962958e+00 2.3250621930216257e-02 1.1487673783758572e-01 -9.1626115907369465e-02
1.3063063063063058e+00 2.2903785881854329e-02 1.1201796350309376e-01 -8.9114177621239438e-02
1.3163163163163158e+00 2.2564594251695737e-02 1.0883634832063765e-01 -8.6271754068941914e-02
1.3263263263263259e+00 2.2232825749667649e-02 1.0534723930510030e-01 -8.3114413555432656e-02
1.3363363363363359e+00 2.1908266973083564e-02 1.0156703019592446e-01 -7.9658763222840892e-02
1.3463463463463459e+00 2.1590712074383796e-02 9.7513089462879357e-02 -7.5922377388495554e-02
1.3563563563563559e+00 2.1279962444955225e-02 9.3203685355621152e-02 -7.1923722910665927e-02
1.3663663663663659e+00 2.0975826414154974e-02 8.8657908269214936e-02 -6.7682081855059958e-02
1.3763763763763759e+00 2.0678118962715330e-02 8.3895590706678236e-02 -6.3217471743962902e-02
1.3863863863863859e+00 2.0386661449756566e-02 7.8937225127560545e-02 -5.8550563677803980e-02
1.3963963963963959e+00 2.0101281352680349e-02 7.3803879978557294e-02 -5.3702598625876945e-02
1.4064064064064059e+00 1.9821812019259488e-02 6.8517114208151583e-02 -4.8695302188892092e-02
1.4164164164164168e+00 1.9548092431279990e-02 6.3098890572248545e-02 -4.3550798140968558e-02
1.4264264264264268e+00 1.9279966979129311e-02 5.7571488041706725e-02 -3.8291521062577411e-02
1.4364364364364368e+00 1.9017285246759309e-02 5.1957413625541342e-02 -3.2940128378782033e-02
1.4464464464464468e+00 1.8759901806486495e-02 4.6279313925399176e-02 -2.7519412118912682e-02
1.4564564564564568e+00 1.8507676023122026e-02 4.0559886737619399e-02 -2.2052210714497374e-02
1.4664664664664668e+00 1.8260471866953520e-02 3.4821793018847948e-02 -1.6561321151894428e-02
1.4764764764764768e+00 1.8018157735127775e-02 2.9087569529720792e-02 -1.1069411794593018e-02
1.4864864864864868e+00 1.7780606281008901e-02 2.3379542468596668e-02 -5.5989361875877670e-03
1.4964964964964969e+00 1.7547694251110340e-02 1.7719742403695542e-02 -1.7204815258520245e-04
1.5065065065065069e+00 1.7319302329221690e-02 1.2129820807298066e-02 5.1894815219236234e-03
1.5165165165165169e+00 1.7095314987372254e-02 6.6309684898929007e-03 1.0464346497479352e-02
1.5265265265265269e+00 1.6875620343293055e-02 1.2438362253380138e-03 1.5631784117955041e-02
1.5365365365365369e+00 1.6660110024057633e-02 -4.0115421497518020e-03 2.0671652173809434e-02
1.5465465465465469e+00 1.6448679035599417e-02 -9.1158238880444196e-03 2.5564502923643838e-02
1.5565565565565569e+00 1.6241225637819788e-02 -1.4050428470460858e-02 3.0291654108280646e-02
1.5665665665665669e+00 1.6037651225016596e-02 -1.8797605478388001e-02 3.4835256703404593e-02
1.5765765765765769e+00 1.5837860211377133e-02 -2.3340498957175371e-02 3.9178359168552501e-02
1.5865865865865869e+00 1.5641759921293494e-02 -2.7663208041575495e-02 4.3304967962868993e-02
1.5965965965965969e+00 1.5449260484270973e-02 -3.1750843627253958e-02 4.7200104111524935e-02
1.6066066066066069e+00 1.5260274734212299e-02 -3.5589580886765837e-02 5.0849855620978136e-02
1.6166166166166169e+00 1.5074718112871940e-02 -3.9166707443427123e-02 5.4241425556299065e-02
1.6266266266266269e+00 1.4892508577285454e-02 -4.2470667032251247e-02 5.7363175609536701e-02
1.6366366366366369e+00 1.4713566510989028e-02 -4.5491098493523362e-02 6.0204665004512388e-02
1.6466466466466469e+00 1.4537814638853801e-02 -4.8218869961591970e-02 6.2756684600445770e-02
1.6566566566566570e+00 1.4365177945368788e-02 -5.0646108129015238e-02 6.5011286074384028e-02
1.6666666666666670e+00 1.4195583596214508e-02 -5.2766222484244722e-02 6.6961806080459235e-02
1.6766766766766770e+00 1.4028960862977585e-02 -5.4573924439506094e-02 6.8602885302483679e-02
1.6866866866866870e+00 1.3865241050864180e-02 -5.6065241284377641e-02 6.9930482335241823e-02
1.6966966966966970e+00 1.3704357429277137e-02 -5.7237524919710514e-02 7.0941882348987656e-02
1.7067067067067070e+00 1.3546245165128696e-02 -5.8089455345911679e-02 7.1635700511040373e-02
1.7167167167167170e+00 1.3390841258766795e-02 -5.8621038899154418e-02 7.2011880157921218e-02
1.7267267267267270e+00 1.3238084482399238e-02 -5.8833601248724880e-02 7.2071685731124116e-02
1.7367367367367370e+00 1.3087915320905521e-02 -5.8729775188380864e-02 7.1817690509286380e-02
1.7467467467467470e+00 1.2940275914931694e-02 -5.8313483274227230e-02 7.1253759189158924e-02
1.7567567567567570e+00 1.2795110006168566e-02 -5.7589915381126837e-02 7.0385025387295408e-02
1.7667667667667670e+00 1.2652362884718603e-02 -5.6565501268991812e-02 6.9217864153710409e-02
1.7767767767767770e+00 1.2511981338461214e-02 -5.5247878269373552e-02 6.7759859607834760e-02
1.7867867867867870e+00 1.2373913604330695e-02 -5.3645854221514092e-02 6.6019767825844788e-02
1.7967967967967970e+00 1.2238109321424983e-02 -5.1769365805368110e-02 6.4007475126793098e-02
1.8068068068068071e+00 1.2104519485867476e-02 -4.9629432436982673e-02 6.1733951922850153e-02
1.8168168168168171e+00 1.1973096407347651e-02 -4.7238105908966301e-02 5.9211202316313952e-02
1.8268268268268271e+00 1.1843793667269906e-02 -4.4608415975516652e-02 5.6452209642786556e-02
1.8368368368368371e+00 1.1716566078443198e-02 -4.1754312097545120e-02 5.3470878175988321e-02
1.8468468468468471e+00 1.1591369646247313e-02 -3.8690601578773035e-02 5.0281971225020344e-02
1.8568568568568571e+00 1.1468161531214521e-02 -3.5432884338212491e-02 4.6901045869427012e-02
1.8668668668668671e+00 1.1346900012968194e-02 -3.1997484578129329e-02 4.3344384591097525e-02
1.8768768768768771e+00 1.1227544455462724e-02 -2.8401379619355720e-02 3.9628924074818446e-02
1.8868868868868871e+00 1.1110055273471508e-02 -2.4662126187623187e-02 3.5772181461094697e-02
1.8968968968968971e+00 1.0994393900272308e-02 -2.0797784445370057e-02 3.1792178345642366e-02
1.9069069069069071e+00 1.0880522756481518e-02 -1.6826840073193301e-02 2.7707362829674821e-02
1.9169169169169171e+00 1.0768405219991065e-02 -1.2768124713717351e-02 2.3536529933708417e-02
1.9269269269269271e+00 1.0658005596963798e-02 -8.6407350981015183e-03 1.9298740695065316e-02
1.9369369369369371e+00 1.0549289093845091e-02 -4.4639511816642538e-03 1.5013240275509345e-02
1.9469469469469471e+00 1.0442221790350403e-02 -2.5715362013397150e-04 1.0699375410484374e-02
1.9569569569569571e+00 1.0336770613390186e-02 3.9602590781875700e-03 6.3765115352026162e-03
1.9669669669669672e+00 1.0232903311895318e-02 8.1689533865668719e-03 2.0639499253284465e-03
1.9769769769769772e+00 1.0130588432507802e-02 1.2349743241307349e-02 -2.2191548087995474e-03
1.9869869869869872e+00 1.0029795296103077e-02 1.6483671831688231e-02 -6.4538765355851534e-03
1.9969969969969972e+00 9.9304939751116584e-03 2.0552092360966310e-02 -1.0621598385854652e-02
2.0070070070070072e+00 9.8326552716092915e-03 2.4536747443816908e-02 -1.4704092172207616e-02
2.0170170170170172e+00 9.7362506961461044e-03 2.8419846809710617e-02 -1.8683596113564512e-02
2.0270270270270272e+00 9.6412524472865024e-03 3.2184142987174841e-02 -2.2542890539888338e-02
2.0370370370370372e+00 9.5476333918327761e-03 3.5813004650665968e-02 -2.6265371258833194e-02
2.0470470470470472e+00 9.4553670457064969e-03 3.9290487319865390e-02 -2.9835120274158893e-02
2.0570570570570572e+00 9.3644275554629237e-03 4.2601401110591186e-02 -3.3236973555128266e-02
2.0670670670670672e+00 9.2747896804146728e-03 4.5731375247163940e-02 -3.6456585566749265e-02
2.0770770770770772e+00 9.1864287753418376e-03 4.8666919057950890e-02 -3.9480490282609054e-02
2.0870870870870872e+00 9.0993207737668034e-03 5.1395479188901631e-02 -4.2296158415134830e-02
2.0970970970970972e+00 9.0134421717728060e-03 5.3905492784144894e-02 -4.4892050612372086e-02
2.1071071071071072e+00 8.9287700123462030e-03 5.6186436398091566e-02 -4.7257666385745363e-02
2.1171171171171173e+00 8.8452818702232511e-03 5.8228870419937004e-02 -4.9383588549713753e-02
2.1271271271271273e+00 8.7629558372229362e-03 6.0024478808924843e-02 -5.1261522971701903e-02
2.1371371371371373e+00 8.6817705080481748e-03 6.1566103957158176e-02 -5.2884333449110005e-02
2.1471471471471473e+00 8.6017049665384517e-03 6.2847776516069279e-02 -5.4246071549530830e-02
2.1571571571571573e+00 8.5227387723575843e-03 6.3864740042811632e-02 -5.5342001270454050e-02
2.1671671671671673e+00 8.4448519481010037e-03 6.4613470343747967e-02 -5.6168618395646963e-02
2.1771771771771773e+00 8.3680249668075645e-03 6.5091689413802695e-02 -5.6723664446995128e-02
2.1871871871871873e+00 8.2922387398614798e-03 6.5298373892643077e-02 -5.7006135152781599e-02
2.1971971971971973e+00 8.2174746052705427e-03 6.5233757981370821e-02 -5.7016283376100277e-02
2.2072072072072073e+00 8.1437143163073881e-03 6.4899330786559933e-02 -5.6755616470252547e-02
2.2172172172172173e+00 8.0709400305010049e-03 6.4297828081972791e-02 -5.6226888051471788e-02
2.2272272272272273e+00 7.9991342989662716e-03 6.3433218502041158e-02 -5.5434084203074885e-02
2.2372372372372373e+00 7.9282800560597153e-03 6.2310684205113390e-02 -5.4382404149053674e-02
2.2472472472472473e+00 7.8583606093502144e-03 6.0936596068445911e-02 -5.3078235459095693e-02
2.2572572572572573e+00 7.7893596298937084e-03 5.9318483500866347e-02 -5.1529123870972637e-02
2.2672672672672673e+00 7.7212611428015164e-03 5.7464998982847834e-02 -4.9743737840046320e-02
2.2772772772772774e+00 7.6540495180921686e-03 5.5385877467320876e-02 -4.7731827949228707e-02
2.2872872872872874e+00 7.5877094618170800e-03 5.3091890797798490e-02 -4.5504181335981407e-02
2.2972972972972974e+00 7.5222260074507960e-03 5.0594797323212620e-02 -4.3072571315761823e-02
2.3073073073073074e+00 7.4575845075368083e-03 4.7907286911145486e-02 -4.0449702403608678e-02
2.3173173173173174e+00 7.3937706255803783e-03 4.5042921582794979e-02 -3.7649150957214599e-02
2.3273273273273274e+00 7.3307703281800408e-03 4.2016072013935687e-02 -3.4685301685755648e-02
2.3373373373373374e+00 7.2685698773898378e-03 3.8841850166231554e-02 -3.1573280288841717e-02
2.3473473473473474e+00 7.2071558233045762e-03 3.5536038332425149e-02 -2.8328882509120572e-02
2.3573573573573574e+00 7.1465149968607646e-03 3.2115014897080220e-02 -2.4968499900219456e-02
2.3673673673673674e+00 7.0866345028460336e-03 2.8595677131596019e-02 -2.1509042628749985e-02
2.3773773773773774e+00 7.0275017131102612e-03 2.4995361358057622e-02 -1.7967859644947362e-02
2.3873873873873874e+00 6.9691042599717415e-03 2.1331760831051403e-02 -1.4362656571079661e-02
2.3973973973973974e+00 6.9114300298120553e-03 1.7622841699777961e-02 -1.0711411669965906e-02
2.4074074074074074e+00 6.8544671568535279e-03 1.3886757424561278e-02 -7.0322902677077501e-03
2.4174174174174174e+00 6.7982040171133103e-03 1.0141762032110096e-02 -3.3435580149967859e-03
2.4274274274274275e+00 6.7426292225284722e-03 6.4061226025703471e-03 3.3650661995812507e-04
2.4374374374374375e+00 6.6877316152465279e-03 2.6980313884539765e-03 3.9897002267925514e-03
2.4474474474474475e+00 6.6335002620761712e-03 -9.6448202911412454e-04 7.5979822911902955e-03
2.4574574574574575e+00 6.5799244490930804e-03 -4.5636381377732243e-03 1.1143562586866305e-02
2.4674674674674675e+00 6.5269936763958751e-03 -8.0819940340353374e-03 1.4608987710431212e-02
2.4774774774774775e+00 6.4746976530074950e-03 -1.1502528695215683e-02 1.7977226348223178e-02
2.4874874874874875e+00 6.4230262919173975e-03 -1.4808726574104310e-02 2.1231752866021709e-02
2.4974974974974975e+00 6.3719697052601765e-03 -1.7984659110993634e-02 2.4356628816253813e-02
2.5075075075075075e+00 6.3215181996263267e-03 -2.1015063763252798e-02 2.7336581962879126e-02
2.5175175175175175e+00 6.2716622715010429e-03 -2.3885420160101534e-02 3.0157082431602575e-02
2.5275275275275275e+00 6.2223926028270862e-03 -2.6582022999580804e-02 3.2804415602407891e-02
2.5375375375375375e+00 6.1737000566878713e-03 -2.9092051315936340e-02 3.5265751372624214e-02
2.5475475475475475e+00 6.1255756731071033e-03 -3.1403633758700762e-02 3.7529209431807868e-02
2.5575575575575575e+00 6.0780106649613499e-03 -3.3505909539658645e-02 3.9583920204619996e-02
2.5675675675675675e+00 6.0309964140021323e-03 -3.5389084720564373e-02 4.1420081134566508e-02
2.5775775775775776e+00 5.9845244669841846e-03 -3.7044483532916228e-02 4.3029007999900414e-02
2.5875875875875876e+00 5.9385865318966691e-03 -3.8464594441211940e-02 4.4403180973108608e-02
2.5975975975975976e+00 5.8931744742942290e-03 -3.9643110682866085e-02 4.5536285157160315e-02
2.6076076076076076e+00 5.8482803137248820e-03 -4.0574965041283370e-02 4.6423245355008254e-02
2.6176176176176176e+00 5.8038962202518482e-03 -4.1256358633372216e-02 4.7060254853624063e-02
2.6276276276276276e+00 5.7600145110665059e-03 -4.1684783518975525e-02 4.7444798030042035e-02
2.6376376376376376e+00 5.7166276471897533e-03 -4.1859038967176597e-02 4.7575666614366352e-02
2.6476476476476476e+00 5.6737282302591723e-03 -4.1779241243121309e-02 4.7452969473380485e-02
2.6576576576576576e+00 5.6313089993994371e-03 -4.1446826808763555e-02 4.7078135808162995e-02
2.6676676676676676e+00 5.5893628281735372e-03 -4.0864548861671075e-02 4.6453911689844612e-02
2.6776776776776776e+00 5.5478827216124274e-03 -4.0036467167604471e-02 4.5584349889216898e-02
2.6876876876876876e+00 5.5068618133208170e-03 -3.8967931174864051e-02 4.4474792988184866e-02
2.6976976976976976e+00 5.4662933626568825e-03 -3.7665556431255728e-02 4.3131849793912609e-02
2.7077077077077076e+00 5.4261707519837610e-03 -3.6137194357810133e-02 4.1563365109793894e-02
2.7177177177177176e+00 5.3864874839907335e-03 -3.4391895466953391e-02 3.9778382950944123e-02
2.7277277277277276e+00 5.3472371790821045e-03 -3.2439866146517116e-02 3.7787103325599217e-02
2.7377377377377377e+00 5.3084135728318355e-03 -3.0292419164632937e-02 3.5600832737464769e-02
2.7477477477477477e+00 5.2700105135020225e-03 -2.7961918084022121e-02 3.3231928597524142e-02
2.7577577577577577e+00 5.2320219596234474e-03 -2.5461715807298068e-02 3.0693737766921515e-02
2.7677677677677677e+00 5.1944419776363783e-03 -2.2806087507484023e-02 2.8000529485120402e-02
2.7777777777777777e+00 5.1572647395899665e-03 -2.0010158229840241e-02 2.5167422969430208e-02
2.7877877877877877e+00 5.1204845208985489e-03 -1.7089825482127178e-02 2.2210310003025726e-02
2.7977977977977977e+00 5.0840956981532829e-03 -1.4061677160434043e-02 1.9145772858587325e-02
2.8078078078078077e+00 5.0480927469875288e-03 -1.0942905186506835e-02 1.5990997933494365e-02
2.8178178178178177e+00 5.0124702399945249e-03 -7.7512152599511150e-03 1.2763685499945641e-02
2.8278278278278277e+00 4.9772228446958514e-03 -4.5047331545973630e-03 9.4819559992932144e-03
2.8378378378378377e+00 4.9423453215593121e-03 -1.2219080125389365e-03 6.1642533340982488e-03
2.8478478478478477e+00 4.9078325220648401e-03 2.0785868882709411e-03 2.8292456337938991e-03
2.8578578578578577e+00 4.8736793868171284e-03 5.3779553966006128e-03 -5.0427600978348447e-04
2.8678678678678677e+00 4.8398809437036772e-03 8.6573812662062172e-03 -3.8175003225025400e-03
2.8778778778778777e+00 4.8064323060970368e-03 1.1898131919343989e-02 -7.0916996132469523e-03
2.8878878878878878e+00 4.7733286711000291e-03 1.5081662651563018e-02 -1.0308333980462988e-02
2.8978978978978978e+00 4.7405653178327839e-03 1.8189720722828318e-02 -1.3449155404995534e-02
2.9079079079079078e+00 4.7081376057604455e-03 2.1204448771696943e-02 -1.6496311165936497e-02
2.9179179179179178e+00 4.6760409730604744e-03 2.4108486983705026e-02 -1.9432446010644550e-02
2.9279279279279278e+00 4.6442709350284555e-03 2.6885073442415516e-02 -2.2240802507387060e-02
2.9379379379379378e+00 4.6128230825213910e-03 2.9518142091806903e-02 -2.4905319009285512e-02
2.9479479479479478e+00 4.5816930804374731e-03 3.1992417741923351e-02 -2.7410724661485877e-02
2.9579579579579578e+00 4.5508766662313710e-03 3.4293507556012487e-02 -2.9742630889781116e-02
2.9679679679679678e+00 4.5203696484640687e-03 3.6407988466792281e-02 -3.1887618818328210e-02
2.9779779779779778e+00 4.4901679053863733e-03 3.8323489982041478e-02 -3.3833322076655105e-02
2.9879879879879878e+00 4.4602673835551620e-03 4.0028771855412322e-02 -3.5568504471857158e-02
2.9979979979979978e+00 4.4306640964815484e-03 4.1513796117217686e-02 -3.7083132020736140e-02
3.0080080080080087e+00 4.4013541233100988e-03 4.2769792981928248e-02 -3.8368438858618147e-02
3.0180180180180187e+00 4.3723336075283184e-03 4.3789320174195609e-02 -3.9416986566667291e-02
3.0280280280280287e+00 4.3435987557055682e-03 4.4566315243339441e-02 -4.0222716487633869e-02
3.0380380380380387e+00 4.3151458362607163e-03 4.5096140467333276e-02 -4.0780994631072556e-02
3.0480480480480487e+00 4.2869711782577251e-03 4.5375619981307208e-02 -4.1088648803049480e-02
3.0580580580580587e+00 4.2590711702284751e-03 4.5403068802350711e-02 -4.1143997632122238e-02
3.0680680680680688e+00 4.2314422590221251e-03 4.5178313461822231e-02 -4.0946871202800106e-02
3.0780780780780788e+00 4.2040809486803285e-03 4.4702703998314677e-02 -4.0498623049634350e-02
3.0880880880880888e+00 4.1769837993376304e-03 4.3979117108726651e-02 -3.9802133309389018e-02
3.0980980980980988e+00 4.1501474261464314e-03 4.3011950301375078e-02 -3.8861802875228647e-02
3.1081081081081088e+00 4.1235684982258696e-03 4.1807106943559165e-02 -3.7683538445333294e-02
3.1181181181181188e+00 4.0972437376340220e-03 4.0371972146240040e-02 -3.6274728408606016e-02
3.1281281281281288e+00 4.0711699183628436e-03 3.8715379480306789e-02 -3.4644209561943945e-02
3.1381381381381388e+00 4.0453438653552647e-03 3.6847568572016522e-02 -3.2802224706661255e-02
3.1481481481481488e+00 4.0197624535438957e-03 3.4780133679363202e-02 -3.0760371225819306e-02
3.1581581581581588e+00 3.9944226069107925e-03 3.2525963406075810e-02 -2.8531540799165016e-02
3.1681681681681688e+00 3.9693212975677626e-03 3.0099171765386845e-02 -2.6129850467819082e-02
3.1781781781781788e+00 3.9444555448567009e-03 2.7515020861343942e-02 -2.3570565316487241e-02
3.1881881881881888e+00 3.9198224144694612e-03 2.4789835510954743e-02 -2.0870013096485281e-02
3.1981981981981988e+00 3.8954190175867673e-03 2.1940910185536015e-02 -1.8045491167949249e-02
3.2082082082082088e+00 3.8712425100357190e-03 1.8986408703953350e-02 -1.5115166193917631e-02
3.2182182182182189e+00 3.8472900914654118e-03 1.5945257163650608e-02 -1.2097967072185196e-02
3.2282282282282289e+00 3.8235590045402443e-03 1.2837030647137929e-02 -9.0134716425976855e-03
3.2382382382382389e+00 3.8000465341504687e-03 9.6818342915854401e-03 -5.8817877574349718e-03
3.2482482482482489e+00 3.7767500066395784e-03 6.5001793570081349e-03 -2.7234293503685565e-03
3.2582582582582589e+00 3.7536667890481160e-03 3.3128549738767545e-03 4.4081181517136156e-04
3.2682682682682689e+00 3.7307942883734947e-03 1.4079629350093460e-04 3.5899979948725604e-03
3.2782782782782789e+00 3.7081299508454789e-03 -2.9950501961404277e-03 6.7031801469859065e-03
3.2882882882882889e+00 3.6856712612169020e-03 -6.0738633906402186e-03 9.7595346518571206e-03
3.2982982982982989e+00 3.6634157420693003e-03 -9.0750854950419884e-03 1.2738501237111288e-02
3.3083083083083089e+00 3.6413609531330813e-03 -1.1978560297147616e-02 1.5619921250280697e-02
3.3183183183183189e+00 3.6195044906218751e-03 -1.4764670906755716e-02 1.8384175397377592e-02
3.3283283283283289e+00 3.5978439865807601e-03 -1.7414476060826498e-02 2.1012320047407260e-02
3.3383383383383389e+00 3.5763771082480025e-03 -1.9909844081123718e-02 2.3486221189371721e-02
3.3483483483483489e+00 3.5551015574300099e-03 -2.2233583562761304e-02 2.5788685120191314e-02
3.3583583583583589e+00 3.5340150698891849e-03 -2.4369569869518670e-02 2.7903584939407856e-02
3.3683683683683689e+00 3.5131154147443658e-03 -2.6302866515000151e-02 2.9815981929744516e-02
3.3783783783783790e+00 3.4924003938835782e-03 -2.8019840517888053e-02 3.1512240911771627e-02
3.3883883883883890e+00 3.4718678413887868e-03 -2.9508270834836068e-02 3.2980138676224853e-02
3.3983983983983990e+00 3.4515156229723868e-03 -3.0757448996098318e-02 3.4208964619070706e-02
3.4084084084084090e+00 3.4313416354251566e-03 -3.1758271096885914e-02 3.5189612732311068e-02
3.4184184184184190e+00 3.4113438060754016e-03 -3.2503320331747548e-02 3.5914664137822946e-02
3.4284284284284290e+00 3.3915200922590397e-03 -3.2986939300006554e-02 3.6378459392265597e-02
3.4384384384384390e+00 3.3718684808003658e-03 -3.3205291357438362e-02 3.6577159838238726e-02
3.4484484484484490e+00 3.3523869875032599e-03 -3.3156410342883365e-02 3.6508797330386623e-02
3.4584584584584590e+00 3.3330736566525975e-03 -3.2840238068257116e-02 3.6173311724909715e-02
3.4684684684684690e+00 3.3139265605256225e-03 -3.2258649026304480e-02 3.5572575586830101e-02
3.4784784784784790e+00 3.2949437989130683e-03 -3.1415461842250747e-02 3.4710405641163816e-02
3.4884884884884890e+00 3.2761234986497943e-03 -3.0316437072998834e-02 3.3592560571648632e-02
3.4984984984984990e+00 3.2574638131547254e-03 -2.8969261040419927e-02 3.2226724853574654e-02
3.5085085085085090e+00 3.2389629219798932e-03 -2.7383515473256327e-02 3.0622478395236220e-02
3.5185185185185190e+00 3.2206190303683598e-03 -2.5570632824812922e-02 2.8791251855181284e-02
3.5285285285285291e+00 3.2024303688208398e-03 -2.3543837230533660e-02 2.6746267599354501e-02
3.5385385385385391e+00 3.1843951926708077e-03 -2.1318071170257694e-02 2.4502466362928500e-02
3.5485485485485491e+00 3.1665117816679234e-03 -1.8909908003900435e-02 2.2076419785568360e-02
3.5585585585585591e+00 3.1487784395695714e-03 -1.6337450655934508e-02 1.9486229095504078e-02
3.5685685685685691e+00 3.1311934937403446e-03 -1.3620216832730776e-02 1.6751410326471122e-02
3.5785785785785791e+00 3.1137552947592931e-03 -1.0779011266896038e-02 1.3892766561655331e-02
3.5885885885885891e+00 3.0964622160347638e-03 -7.8357855935027258e-03 1.0932247809537490e-02
3.5985985985985991e+00 3.0793126534266755e-03 -4.8134865737967875e-03 7.8927992272234630e-03
3.6086086086086091e+00 3.0623050248760478e-03 -1.7358934918076275e-03 4.7981985166836751e-03
3.6186186186186191e+00 3.0454377700416401e-03 1.3725543425551286e-03 1.6728834274865115e-03
3.6286286286286291e+00 3.0287093499435425e-03 4.4869389447003737e-03 -1.4582295947568311e-03
3.6386386386386391e+00 3.0121182466135593e-03 7.5820527194076347e-03 -4.5699344727940759e-03
3.6486486486486491e+00 2.9956629627522452e-03 1.0632593998376854e-02 -7.6369310356246087e-03
3.6586586586586591e+00 2.9793420213924532e-03 1.3613367719237188e-02 -1.0634025697844735e-02
3.6686686686686691e+00 2.9631539655692414e-03 1.6499489827456391e-02 -1.3536335861887148e-02
3.6786786786786791e+00 2.9470973579960123e-03 1.9266593903174783e-02 -1.6319496545178773e-02
3.6886886886886892e+00 2.9311707807467471e-03 2.1891038443611364e-02 -1.8959867662864616e-02
3.6986986986986992e+00 2.9153728349442048e-03 2.4350113169287493e-02 -2.1434740334343290e-02
3.7087087087087092e+00 2.8997021404539567e-03 2.6622242669804619e-02 -2.3722540529350661e-02
3.7187187187187192e+00 2.8841573355841365e-03 2.8687185663195874e-02 -2.5803028327611739e-02
3.7287287287287292e+00 2.8687370767907765e-03 3.0526228112815700e-02 -2.7657491036024925e-02
3.7387387387387392e+00 2.8534400383886222e-03 3.2122368428170310e-02 -2.9268928389781689e-02
3.7487487487487492e+00 2.8382649122673000e-03 3.3460492971810758e-02 -3.0622228059543458e-02
3.7587587587587592e+00 2.8232104076127296e-03 3.4527540104142732e-02 -3.1704329696530004e-02
3.7687687687687692e+00 2.8082752506336712e-03 3.5312651022421739e-02 -3.2504375771788066e-02
3.7787787787787792e+00 2.7934581842932976e-03 3.5807305689892967e-02 -3.3013847505599672e-02
3.7887887887887892e+00 2.7787579680456850e-03 3.6005442206518960e-02 -3.3226684238473275e-02
3.7987987987987992e+00 2.7641733775771236e-03 3.5903558044431502e-02 -3.3139384666854378e-02
3.8088088088088092e+00 2.7497032045521500e-03 3.5500791659470891e-02 -3.2751088454918739e-02
3.8188188188188192e+00 2.7353462563641886e-03 3.4798983095141282e-02 -3.2063636838777096e-02
3.8288288288288292e+00 2.7211013558907280e-03 3.3802712317102468e-02 -3.1081610961211741e-02
3.8388388388388393e+00 2.7069673412529207e-03 3.2519314154894237e-02 -2.9812346813641318e-02
3.8488488488488493e+00 2.6929430655795250e-03 3.0958868882764962e-02 -2.8265925817185438e-02
3.8588588588588593e+00 2.6790273967750968e-03 2.9134167642920761e-02 -2.6455140246145665e-02
3.8688688688688693e+00 2.6652192172923433e-03 2.7060652101737165e-02 -2.4395432884444821e-02
3.8788788788788793e+00 2.6515174239085527e-03 2.4756327931830021e-02 -2.2104810507921468e-02
3.8888888888888893e+00 2.6379209275060244e-03 2.2241651929538982e-02 -1.9603731002032956e-02
3.8988988988988993e+00 2.6244286528564033e-03 1.9539392807337269e-02 -1.6914964154480867e-02
3.9089089089089093e+00 2.6110395384088573e-03 1.6674465942754520e-02 -1.4063426404345662e-02
3.9189189189189193e+00 2.5977525360820044e-03 1.3673742618212409e-02 -1.1075990082130404e-02
3.9289289289289293e+00 2.5845666110595206e-03 1.0565834548159988e-02 -7.9812679371004669e-03
3.9389389389389393e+00 2.5714807415893604e-03 7.3808547592936697e-03 -4.8093740177043093e-03
3.9489489489489493e+00 2.5584939187865007e-03 4.1501561645037365e-03 -1.5916622457172358e-03
3.9589589589589593e+00 2.5456051464391558e-03 9.0604944935419158e-04 1.6395556970849642e-03
3.9689689689689693e+00 2.5328134408183827e-03 -2.3184978309628828e-03 4.8513112717812655e-03
3.9789789789789793e+00 2.5201178304910142e-03 -5.4901787686799557e-03 8.0102965991709699e-03
3.9889889889889893e+00 2.5075173561358455e-03 -8.5756787856813826e-03 1.1083196141817228e-02
3.9989989989989994e+00 2.4950110703630263e-03 -1.1542018765899890e-02 1.4037029836262916e-02
4.0090090090090094e+00 2.4825980375365753e-03 -1.4356906666882521e-02 1.6839504704419098e-02
4.0190190190190194e+00 2.4702773335999709e-03 -1.6989094396894149e-02 1.9459371730494120e-02
4.0290290290290294e+00 2.4580480459047449e-03 -1.9408736517973726e-02 2.1866784563878472e-02
4.0390390390390394e+00 2.4459092730420339e-03 -2.1587747129507940e-02 2.4033656402549973e-02
4.0490490490490494e+00 2.4338601246770178e-03 -2.3500151104657502e-02 2.5934011229334520e-02
4.0590590590590594e+00 2.4218997213861968e-03 -2.5122425696941272e-02 2.7544325418327468e-02
4.0690690690690694e+00 2.4100271944974463e-03 -2.6433828410069596e-02 2.8843855604567044e-02
4.0790790790790794e+00 2.3982416859328021e-03 -2.7416706934342849e-02 2.9814948620275651e-02
4.0890890890890894e+00 2.3865423480539153e-03 -2.8056786901182879e-02 3.0443329249236793e-02
4.0990990990990994e+00 2.3749283435101289e-03 -2.8343433197169070e-02 3.0718361540679199e-02
4.1091091091091094e+00 2.3633988450891315e-03 -2.8269880613716141e-02 3.0633279458805271e-02
4.1191191191191194e+00 2.3519530355701240e-03 -2.7833429691515258e-02 3.0185382727085382e-02
4.1291291291291294e+00 2.3405901075794640e-03 -2.7035603753112990e-02 2.9376193860692453e-02
4.1391391391391394e+00 2.3293092634487354e-03 -2.5882263305318745e-02 2.8211572568767482e-02
4.1491491491491495e+00 2.3181097150751953e-03 -2.4383674237987586e-02 2.6701783953062781e-02
4.1591591591591595e+00 2.3069906837845568e-03 -2.2554526549231447e-02 2.4861517233016002e-02
4.1691691691691695e+00 2.2959514001960608e-03 -2.0413900690935960e-02 2.2709852091132021e-02
4.1791791791791795e+00 2.2849911040897894e-03 -1.7985179053773389e-02 2.0270170157863178e-02
4.1891891891891895e+00 2.2741090442761885e-03 -1.5295900598306381e-02 1.7570009642582568e-02
4.1991991991991995e+00 2.2633044784677475e-03 -1.2377557188231476e-02 1.4640861666699223e-02
4.2092092092092095e+00 2.2525766731528018e-03 -9.2653307925658172e-03 1.1517907465718619e-02
4.2192192192192195e+00 2.2419249034714137e-03 -5.9977713940979468e-03 8.2396962975693610e-03
4.2292292292292295e+00 2.2313484530932992e-03 -2.6164161693053786e-03 4.8477646223986778e-03
4.2392392392392395e+00 2.2208466140977517e-03 8.3464871314520154e-04 1.3861979009525500e-03
4.2492492492492495e+00 2.2104186868555386e-03 4.3092814965988661e-03 -2.0988628097433275e-03
4.2592592592592595e+00 2.2000639799127212e-03 7.7598303887367447e-03 -5.5597664088240240e-03
4.2692692692692695e+00 2.1897818098763734e-03 1.1137727293902238e-02 -8.9479454840258633e-03
4.2792792792792795e+00 2.1795715013021525e-03 1.4394124813880129e-02 -1.2214553312577977e-02
4.2892892892892895e+00 2.1694323865836993e-03 1.7480570641346241e-02 -1.5311138254762541e-02
4.2992992992992995e+00 2.1593638058438236e-03 2.0349712495579000e-02 -1.8190348689735177e-02
4.3093093093093096e+00 2.1493651068274521e-03 2.2956025776799293e-02 -2.0806660669971840e-02
4.3193193193193196e+00 2.1394356447962952e-03 2.5256555156891129e-02 -2.3117119512094834e-02
4.3293293293293296e+00 2.1295747824252114e-03 2.7211660394903869e-02 -2.5082085612478659e-02
4.3393393393393396e+00 2.1197818897002291e-03 2.8785755781747389e-02 -2.6665973892047161e-02
4.3493493493493496e+00 2.1100563438182065e-03 2.9948031797402824e-02 -2.7837975453584619e-02
4.3593593593593596e+00 2.1003975290880880e-03 3.0673146824737825e-02 -2.8572749295649735e-02
4.3693693693693696e+00 2.0908048368337329e-03 3.0941876126945048e-02 -2.8851071290111316e-02
4.3793793793793796e+00 2.0812776652982951e-03 3.0741704782309948e-02 -2.8660427117011653e-02
4.3893893893893896e+00 2.0718154195501115e-03 3.0067350903219502e-02 -2.7995535483669391e-02
4.3993993993993996e+00 2.0624175113900817e-03 2.8921205269837019e-02 -2.6858787758446939e-02
4.4094094094094096e+00 2.0530833592605131e-03 2.7313673507318569e-02 -2.5260590148058055e-02
4.4194194194194196e+00 2.0438123881553970e-03 2.5263407154080254e-02 -2.3219594765924858e-02
4.4294294294294296e+00 2.0346040295320970e-03 2.2797410433014909e-02 -2.0762806403482811e-02
4.4394394394394396e+00 2.0254577212244209e-03 1.9951010273286607e-02 -1.7925552552062185e-02
4.4494494494494496e+00 2.0163729073570556e-03 1.6767678162574622e-02 -1.4751305255217565e-02
4.4594594594594597e+00 2.0073490382613332e-03 1.3298693762715537e-02 -1.1291344724454203e-02
4.4694694694694697e+00 1.9983855703923142e-03 9.6026419185071977e-03 -7.6042563481148835e-03
4.4794794794794797e+00 1.9894819662471526e-03 5.7447367508633440e-03 -3.7552547846161914e-03
4.4894894894894897e+00 1.9806376942847342e-03 1.7959689696473689e-03 1.8466872463736533e-04
4.4994994994994997e+00 1.9718522288465546e-03 -2.1679246171105197e-03 4.1397768459570747e-03
4.5095095095095097e+00 1.9631250500788170e-03 -6.0676671723138061e-03 8.0307922223926236e-03
4.5195195195195197e+00 1.9544556438557364e-03 -9.8218175917189256e-03 1.1776273235574663e-02
4.5295295295295297e+00 1.9458435017040132e-03 -1.3348306003792942e-02 1.5294149505496955e-02
4.5395395395395397e+00 1.9372881207284753e-03 -1.6566114584655501e-02 1.8503402705383976e-02
4.5495495495495497e+00 1.9287890035388528e-03 -1.9397084418961992e-02 2.1325873422500845e-02
4.5595595595595597e+00 1.9203456581776684e-03 -2.1767823944653819e-02 2.3688169602831488e-02
4.5695695695695697e+00 1.9119575980492349e-03 -2.3611689024891865e-02 2.5523646622941099e-02
4.5795795795795797e+00 1.9036243418497241e-03 -2.4870798954577091e-02 2.6774423296426816e-02
4.5895895895895897e+00 1.8953454134983015e-03 -2.5498046809780617e-02 2.7393392223278919e-02
4.5995995995995997e+00 1.8871203420693012e-03 -2.5459056584645253e-02 2.7346176926714556e-02
4.6096096096096097e+00 1.8789486617254280e-03 -2.4734033653613551e-02 2.6612982315338977e-02
4.6196196196196198e+00 1.8708299116519643e-03 -2.3319449395321986e-02 2.5190279306973949e-02
4.6296296296296298e+00 1.8627636359919660e-03 -2.1229495496229354e-02 2.3092259132221321e-02
4.6396396396396398e+00 1.8547493837824361e-03 -1.8497238728823067e-02 2.0351988112605503e-02
4.6496496496496498e+00 1.8467867088914468e-03 -1.5175403120858438e-02 1.7022189829749887e-02
4.6596596596596598e+00 1.8388751699562091e-03 -1.1336703690927792e-02 1.3175578860884002e-02
4.6696696696696698e+00 1.8310143303220589e-03 -7.0736546618106588e-03 8.9046689921327173e-03
4.6796796796796798e+00 1.8232037579823590e-03 -2.4977756698301452e-03 4.3209794278125041e-03
4.6896896896896898e+00 1.8154430255192860e-03 2.2618775815735526e-03 -4.4643455605426654e-04
4.6996996996996998e+00 1.8077317100455004e-03 7.0609260041642275e-03 -5.2531942941187269e-03
4.7097097097097098e+00 1.8000693931466765e-03 1.1742681718302804e-02 -9.9426123251561277e-03
4.7197197197197198e+00 1.7924556608248825e-03 1.6142009821919642e-02 -1.4349554161094760e-02
4.7297297297297298e+00 1.7848901034427909e-03 2.0090064421258831e-02 -1.8305174317816041e-02
4.7397397397397398e+00 1.7773723156687148e-03 2.3419902103048933e-02 -2.1642529787380217e-02
4.7497497497497498e+00 1.7699018964224440e-03 2.5972945423712052e-02 -2.4203043527289608e-02
4.7597597597597598e+00 1.7624784488218784e-03 2.7606230600823907e-02 -2.5843752152002030e-02
4.7697697697697699e+00 1.7551015801304383e-03 2.8200326195086636e-02 -2.6445224614956197e-02
4.7797797797797799e+00 1.7477709017052422e-03 2.7667751803304119e-02 -2.5919980901598878e-02
4.7897897897897899e+00 1.7404860289460394e-03 2.5961656122139493e-02 -2.4221170093193453e-02
4.7997997997997999e+00 1.7332465812448811e-03 2.3084430493960577e-02 -2.1351183912715697e-02
4.8098098098098099e+00 1.7260521819365236e-03 1.9095835326252260e-02 -1.7369783144315736e-02
4.8198198198198199e+00 1.7189024582495460e-03 1.4120100495241931e-02 -1.2401198036992385e-02
4.8298298298298299e+00 1.7117970412581743e-03 8.3513246881750103e-03 -6.6395276469168362e-03
4.8398398398398399e+00 1.7047355658348006e-03 2.0563400479262422e-03 -3.5160448209144157e-04
4.8498498498498499e+00 1.6977176706031800e-03 -4.4259753672370545e-03 6.1236930378402348e-03
4.8598598598598599e+00 1.6907429978923029e-03 -1.0690167022129314e-02 1.2380910020021618e-02
4.8698698698698699e+00 1.6838111936909256e-03 -1.6275928986131848e-02 1.7959740179822773e-02
4.8798798798798799e+00 1.6769219076027506e-03 -2.0687838010299397e-02 2.2364759917902148e-02
4.8898898898898899e+00 1.6700747928022446e-03 -2.3425169278493314e-02 2.5095244071295559e-02
4.8998998998998999e+00 1.6632695059910856e-03 -2.4024230097299516e-02 2.5687499603290601e-02
4.9099099099099099e+00 1.6565057073552297e-03 -2.2116060613203033e-02 2.3772566320558262e-02
4.9199199199199199e+00 1.6497830605225815e-03 -1.7502818153027299e-02 1.9152601213549881e-02
4.9299299299299300e+00 1.6431012325212691e-03 -1.0256689929101878e-02 1.1899791161623147e-02
4.9399399399399400e+00 1.6364598937385017e-03 -8.4577413636317280e-04 2.4822340301016745e-03
4.9499499499499500e+00 1.6298587178800118e-03 9.7079610112768538e-03 -8.0781022933968417e-03
4.9599599599599600e+00 1.6232973819300632e-03 1.9632779271129729e-02 -1.8009481889199666e-02
4.9699699699699700e+00 1.6167755661120201e-03 2.6166636480634709e-02 -2.4549860914522690e-02
4.9799799799799800e+00 1.6102929538494729e-03 2.5264354455481350e-02 -2.3654061501631875e-02
4.9899899899899900e+00 1.6038492317279000e-03 1.1243813419359296e-02 -9.6399641876313957e-03
5.0000000000000000e+00 1.5974440894568689e-03 -2.3638703543285237e-02 2.5236147632742106e-02
