0.0000000000000000e+00 0.0000000000000000e+00 5.0520780389543864e-15 -5.0520780389543864e-15
3.1447373909807737e-03 9.8893406583744015e-06 9.8893406607977577e-06 -2.4233561798968697e-15
6.2894747819615474e-03 3.9556971437262980e-05 3.9556971439792396e-05 -2.5294165633543697e-15
9.4342121729423210e-03 8.9001718763436543e-05 8.9001718762182107e-05 1.2544354660928847e-15
1.2578949563923095e-02 1.5822162673309476e-04 1.5822162673382833e-04 -7.3357118990369230e-16
1.5723686954903868e-02 2.4721395718923665e-04 2.4721395719242361e-04 -3.1869580759125160e-15
1.8868424345884642e-02 3.5597518982997473e-04 3.5597518982927824e-04 6.9649147560468805e-16
2.2013161736865416e-02 4.8450102234778912e-04 4.8450102234989838e-04 -2.1092611164619246e-15
2.5157899127846189e-02 6.3278637059971485e-04 6.3278637060421321e-04 -4.4983548136423579e-15
2.8302636518826963e-02 8.0082536880845797e-04 8.0082536880746961e-04 9.8835870043778584e-16
3.1447373909807737e-02 9.8861136979443002e-04 9.8861136979482727e-04 -3.9725167599868882e-16
3.4592111300788514e-02 1.1961369452386924e-03 1.1961369452419045e-03 -3.2120573562055554e-15
3.7736848691769284e-02 1.4233938859768013e-03 1.4233938859813855e-03 -4.5842236257032098e-15
4.0881586082750054e-02 1.6703732023235407e-03 1.6703732023278905e-03 -4.3498191160118438e-15
4.4026323473730831e-02 1.9370651244285321e-03 1.9370651244345826e-03 -6.0504986437726060e-15
4.7171060864711609e-02 2.2234591026627005e-03 2.2234591026666444e-03 -3.9438938226332709e-15
5.0315798255692379e-02 2.5295438080355920e-03 2.5295438080380687e-03 -2.4767514428258863e-15
5.3460535646673149e-02 2.8553071326435208e-03 2.8553071326439415e-03 -4.2067044292437572e-16
5.6605273037653926e-02 3.2007361901485228e-03 3.2007361901494479e-03 -9.2504129356463238e-16
5.9750010428634703e-02 3.5658173162881062e-03 3.5658173162912460e-03 -3.1398494915180208e-15
6.2894747819615474e-02 3.9505360694157719e-03 3.9505360694184078e-03 -2.6359123217467584e-15
6.6039485210596244e-02 4.3548772310722924e-03 4.3548772310728744e-03 -5.8199972619021878e-16
6.9184222601577028e-02 4.7788248065877099e-03 4.7788248065882442e-03 -5.3429483060085659e-16
7.2328959992557798e-02 5.2223620257140380e-03 5.2223620257194400e-03 -5.4019289041917773e-15
7.5473697383538568e-02 5.6854713432886606e-03 5.6854713432888549e-03 -1.9428902930940239e-16
7.8618434774519338e-02 6.1681344399283616e-03 6.1681344399273684e-03 9.9312918999672206e-16
8.1763172165500109e-02 6.6703322227539994e-03 6.6703322227587578e-03 -4.7583464946043819e-15
8.4907909556480893e-02 7.1920448261457689e-03 7.1920448261500580e-03 -4.2891037943526555e-15
8.8052646947461663e-02 7.7332516125290188e-03 7.7332516125273474e-03 1.6714060691036536e-15
9.1197384338442433e-02 8.2939311731906433e-03 8.2939311731948032e-03 -4.1598668953923834e-15
9.4342121729423217e-02 8.8740613291259478e-03 8.8740613291326282e-03 -6.6804201059866841e-15
9.7486859120403987e-02 9.4736191319159668e-03 9.4736191319196635e-03 -3.6966957273065759e-15
1.0063159651138476e-01 1.0092580864635284e-02 1.0092580864636491e-02 -1.2073675392798577e-15
1.0377633390236553e-01 1.0730922042790178e-02 1.0730922042792326e-02 -2.1475876632592872e-15
1.0692107129334630e-01 1.1388617415287183e-02 1.1388617415287804e-02 -6.2103100439969694e-16
1.1006580868432708e-01 1.2065640965431950e-02 1.2065640965431923e-02 2.7755575615628914e-17
1.1321054607530785e-01 1.2761965911958387e-02 1.2761965911955747e-02 2.6402491304367004e-15
1.1635528346628862e-01 1.3477564710088078e-02 1.3477564710090153e-02 -2.0747292772682613e-15
1.1950002085726941e-01 1.4212409052619866e-02 1.4212409052628232e-02 -8.3665713246361406e-15
1.2264475824825018e-01 1.4966469871049609e-02 1.4966469871049388e-02 2.2030988144905450e-16
1.2578949563923095e-01 1.5739717336720069e-02 1.5739717336724617e-02 -4.5484449540111882e-15
1.2893423303021173e-01 1.6532120862000850e-02 1.6532120862003841e-02 -2.9906632725840154e-15
1.3207897042119249e-01 1.7343649101498323e-02 1.7343649101501050e-02 -2.7269853042355408e-15
1.3522370781217327e-01 1.8174269953295658e-02 1.8174269953299557e-02 -3.8996583739958623e-15
1.3836844520315406e-01 1.9023950560222606e-02 1.9023950560226058e-02 -3.4520997171938461e-15
1.4151318259413481e-01 1.9892657311155259e-02 1.9892657311156997e-02 -1.7381929229287607e-15
1.4465791998511560e-01 2.0780355842345669e-02 2.0780355842347348e-02 -1.6792123247455493e-15
1.4780265737609635e-01 2.1687011038781116e-02 2.1687011038781585e-02 -4.6837533851373792e-16
1.5094739476707714e-01 2.2612587035573208e-02 2.2612587035572652e-02 5.5511151231257827e-16
1.5409213215805792e-01 2.3557047219376612e-02 2.3557047219376855e-02 -2.4286128663675299e-16
1.5723686954903868e-01 2.4520354229837324e-02 2.4520354229840700e-02 -3.3757718842508666e-15
1.6038160694001946e-01 2.5502469961070619e-02 2.5502469961079265e-02 -8.6458618042684066e-15
1.6352634433100022e-01 2.6503355563168358e-02 2.6503355563172383e-02 -4.0245584642661925e-15
1.6667108172198100e-01 2.7522971443735837e-02 2.7522971443735344e-02 4.9266146717741321e-16
1.6981581911296179e-01 2.8561277269457914e-02 2.8561277269459895e-02 -1.9810542095655137e-15
1.7296055650394254e-01 2.9618231967694503e-02 2.9618231967700297e-02 -5.7939764097625357e-15
1.7610529389492333e-01 3.0693793728105347e-02 3.0693793728105954e-02 -6.0715321659188248e-16
1.7925003128590411e-01 3.1787920004303832e-02 3.1787920004306018e-02 -2.1857515797307769e-15
1.8239476867688487e-01 3.2900567515540088e-02 3.2900567515547000e-02 -6.9111383282915995e-15
1.8553950606786565e-01 3.4031692248413029e-02 3.4031692248413507e-02 -4.7878367936959876e-16
1.8868424345884643e-01 3.5181249458611438e-02 3.5181249458615796e-02 -4.3576253716537394e-15
1.9182898084982719e-01 3.6349193672683841e-02 3.6349193672686027e-02 -2.1857515797307769e-15
1.9497371824080797e-01 3.7535478689837448e-02 3.7535478689837684e-02 -2.3592239273284576e-16
1.9811845563178873e-01 3.8740057583765648e-02 3.8740057583766238e-02 -5.8980598183211441e-16
2.0126319302276952e-01 3.9962882704504328e-02 3.9962882704508589e-02 -4.2604808569990382e-15
2.0440793041375030e-01 4.1203905680316733e-02 4.1203905680314873e-02 1.8596235662471372e-15
2.0755266780473106e-01 4.2463077419606962e-02 4.2463077419608926e-02 -1.9637069748057456e-15
2.1069740519571184e-01 4.3740348112861920e-02 4.3740348112863689e-02 -1.7694179454963432e-15
2.1384214258669260e-01 4.5035667234621608e-02 4.5035667234623891e-02 -2.2828960943854781e-15
2.1698687997767338e-01 4.6348983545477812e-02 4.6348983545479810e-02 -1.9984014443252818e-15
2.2013161736865416e-01 4.7680245094100966e-02 4.7680245094102139e-02 -1.1726730697603216e-15
2.2327635475963492e-01 4.9029399219295208e-02 4.9029399219299941e-02 -4.7323256424647298e-15
2.2642109215061570e-01 5.0396392552081601e-02 5.0396392552079894e-02 1.7069679003611782e-15
2.2956582954159649e-01 5.1781171017809130e-02 5.1781171017811919e-02 -2.7894353493707058e-15
2.3271056693257725e-01 5.3183679838293856e-02 5.3183679838295396e-02 -1.5404344466674047e-15
2.3585530432355803e-01 5.4603863533985803e-02 5.4603863533988675e-02 -2.8727020762175925e-15
2.3900004171453881e-01 5.6041665926163491e-02 5.6041665926164198e-02 -7.0776717819853729e-16
2.4214477910551957e-01 5.7497030139156302e-02 5.7497030139160757e-02 -4.4547698863084406e-15
2.4528951649650035e-01 5.8969898602594301e-02 5.8969898602595369e-02 -1.0685896612017132e-15
2.4843425388748111e-01 6.0460213053685555e-02 6.0460213053687088e-02 -1.5334955527634975e-15
2.5157899127846189e-01 6.1967914539520892e-02 6.1967914539521954e-02 -1.0616507672978059e-15
2.5472372866944265e-01 6.3492943419405881e-02 6.3492943419407977e-02 -2.0955459589799830e-15
2.5786846606042346e-01 6.5035239367220166e-02 6.5035239367219388e-02 7.7715611723760958e-16
2.6101320345140422e-01 6.6594741373803570e-02 6.6594741373801475e-02 2.0955459589799830e-15
2.6415794084238498e-01 6.8171387749369677e-02 6.8171387749374007e-02 -4.3298697960381105e-15
2.6730267823336579e-01 6.9765116125946144e-02 6.9765116125947005e-02 -8.6042284408449632e-16
2.7044741562434654e-01 7.1375863459841579e-02 7.1375863459842884e-02 -1.3045120539345589e-15
2.7359215301532730e-01 7.3003566034139600e-02 7.3003566034140030e-02 -4.3021142204224816e-16
2.7673689040630811e-01 7.4648159461219249e-02 7.4648159461215988e-02 3.2612801348363973e-15
2.7988162779728887e-01 7.6309578685301901e-02 7.6309578685304927e-02 -3.0253577421035516e-15
2.8302636518826962e-01 7.7987757985024816e-02 7.7987757985031270e-02 -6.4531713306337224e-15
2.8617110257925038e-01 7.9682630976040891e-02 7.9682630976043042e-02 -2.1510571102112408e-15
2.8931583997023119e-01 8.1394130613644630e-02 8.1394130613645838e-02 -1.2073675392798577e-15
2.9246057736121195e-01 8.3122189195424190e-02 8.3122189195426952e-02 -2.7616797737550769e-15
2.9560531475219270e-01 8.4866738363939612e-02 8.4866738363940528e-02 -9.1593399531575415e-16
2.9875005214317352e-01 8.6627709109426798e-02 8.6627709109429130e-02 -2.3314683517128287e-15
3.0189478953415427e-01 8.8405031772527343e-02 8.8405031772528633e-02 -1.2906342661267445e-15
3.0503952692513503e-01 9.0198636047044214e-02 9.0198636047047753e-02 -3.5388358909926865e-15
3.0818426431611584e-01 9.2008450982722714e-02 9.2008450982724518e-02 -1.8041124150158794e-15
3.1132900170709660e-01 9.3834404988057021e-02 9.3834404988059394e-02 -2.3731017151362721e-15
3.1447373909807735e-01 9.5676425833122483e-02 9.5676425833122455e-02 2.7755575615628914e-17
3.1761847648905817e-01 9.7534440652432594e-02 9.7534440652428875e-02 3.7192471324942744e-15
3.2076321388003892e-01 9.9408375947821259e-02 9.9408375947821648e-02 -3.8857805861880479e-16
3.2390795127101968e-01 1.0129815759135047e-01 1.0129815759135437e-01 -3.8996583739958623e-15
3.2705268866200043e-01 1.0320371082824252e-01 1.0320371082824280e-01 -2.7755575615628914e-16
3.3019742605298125e-01 1.0512496027983699e-01 1.0512496027983752e-01 -5.2735593669694936e-16
3.3334216344396200e-01 1.0706182994657254e-01 1.0706182994657150e-01 1.0408340855860843e-15
3.3648690083494276e-01 1.0901424321099347e-01 1.0901424321099649e-01 -3.0253577421035516e-15
3.3963163822592357e-01 1.1098212284078025e-01 1.1098212284078136e-01 -1.1102230246251565e-15
3.4277637561690433e-01 1.1296539099180467e-01 1.1296539099180693e-01 -2.2620794126737565e-15
3.4592111300788508e-01 1.1496396921120935e-01 1.1496396921121146e-01 -2.1094237467877974e-15
3.4906585039886590e-01 1.1697777844051097e-01 1.1697777844051040e-01 5.6898930012039273e-16
3.5221058778984665e-01 1.1900673901872744e-01 1.1900673901872706e-01 3.7470027081099033e-16
3.5535532518082741e-01 1.2105077068552950e-01 1.2105077068552908e-01 4.1633363423443370e-16
3.5850006257180822e-01 1.2310979258441525e-01 1.2310979258441228e-01 2.9698465908722937e-15
3.6164479996278898e-01 1.2518372326590871e-01 1.2518372326591240e-01 -3.6914915568786455e-15
3.6478953735376973e-01 1.2727248069078187e-01 1.2727248069078487e-01 -2.9976021664879227e-15
3.6793427474475054e-01 1.2937598223329988e-01 1.2937598223330196e-01 -2.0816681711721685e-15
3.7107901213573130e-01 1.3149414468448936e-01 1.3149414468449039e-01 -1.0269562977782698e-15
3.7422374952671206e-01 1.3362688425543010e-01 1.3362688425543107e-01 -9.7144514654701197e-16
3.7736848691769287e-01 1.3577411658056954e-01 1.3577411658057043e-01 -8.8817841970012523e-16
3.8051322430867363e-01 1.3793575672105990e-01 1.3793575672106334e-01 -3.4416913763379853e-15
3.8365796169965438e-01 1.4011171916811824e-01 1.4011171916811771e-01 5.2735593669694936e-16
3.8680269909063514e-01 1.4230191784640897e-01 1.4230191784641022e-01 -1.2490009027033011e-15
3.8994743648161595e-01 1.4450626611744882e-01 1.4450626611745274e-01 -3.9135361618036768e-15
3.9309217387259671e-01 1.4672467678303380e-01 1.4672467678303444e-01 -6.3837823915946501e-16
3.9623691126357746e-01 1.4895706208868870e-01 1.4895706208869169e-01 -2.9976021664879227e-15
3.9938164865455827e-01 1.5120333372713851e-01 1.5120333372713574e-01 2.7755575615628914e-15
4.0252638604553903e-01 1.5346340284180143e-01 1.5346340284180252e-01 -1.0824674490095276e-15
4.0567112343651979e-01 1.5573718003030387e-01 1.5573718003030701e-01 -3.1363800445660672e-15
4.0881586082750060e-01 1.5802457534801714e-01 1.5802457534801756e-01 -4.1633363423443370e-16
4.1196059821848136e-01 1.6032549831161511e-01 1.6032549831161366e-01 1.4432899320127035e-15
4.1510533560946211e-01 1.6263985790265370e-01 1.6263985790265417e-01 -4.7184478546569153e-16
4.1825007300044292e-01 1.6496756257117132e-01 1.6496756257117157e-01 -2.4980018054066022e-16
4.2139481039142368e-01 1.6730852023931031e-01 1.6730852023931272e-01 -2.4147350785597155e-15
4.2453954778240444e-01 1.6966263830495923e-01 1.6966263830496070e-01 -1.4710455076283324e-15
4.2768428517338519e-01 1.7202982364541614e-01 1.7202982364541800e-01 -1.8596235662471372e-15
4.3082902256436600e-01 1.7440998262107210e-01 1.7440998262107310e-01 -9.9920072216264089e-16
4.3397375995534676e-01 1.7680302107911536e-01 1.7680302107911447e-01 8.8817841970012523e-16
4.3711849734632752e-01 1.7920884435725579e-01 1.7920884435725862e-01 -2.8310687127941492e-15
4.4026323473730833e-01 1.8162735728746970e-01 1.8162735728746965e-01 5.5511151231257827e-17
4.4340797212828909e-01 1.8405846419976390e-01 1.8405846419976582e-01 -1.9151347174783950e-15
4.4655270951926984e-01 1.8650206892596072e-01 1.8650206892596402e-01 -3.3029134982598407e-15
4.4969744691025065e-01 1.8895807480350196e-01 1.8895807480350366e-01 -1.6930901125533637e-15
4.5284218430123141e-01 1.9142638467927237e-01 1.9142638467927306e-01 -6.9388939039072284e-16
4.5598692169221217e-01 1.9390690091344312e-01 1.9390690091344412e-01 -9.9920072216264089e-16
4.5913165908319298e-01 1.9639952538333416e-01 1.9639952538333488e-01 -7.2164496600635175e-16
4.6227639647417373e-01 1.9890415948729520e-01 1.9890415948729606e-01 -8.6042284408449632e-16
4.6542113386515449e-01 2.0142070414860686e-01 2.0142070414860858e-01 -1.7208456881689926e-15
4.6856587125613530e-01 2.0394905981939940e-01 2.0394905981939976e-01 -3.6082248300317588e-16
4.7171060864711606e-01 2.0648912648459064e-01 2.0648912648459325e-01 -2.6090241078691179e-15
4.7485534603809681e-01 2.0904080366584241e-01 2.0904080366584041e-01 1.9984014443252818e-15
4.7800008342907763e-01 2.1160399042553510e-01 2.1160399042553607e-01 -9.7144514654701197e-16
4.8114482082005838e-01 2.1417858537076059e-01 2.1417858537075898e-01 1.6098233857064770e-15
4.8428955821103914e-01 2.1676448665733300e-01 2.1676448665733267e-01 3.3306690738754696e-16
4.8743429560201990e-01 2.1936159199381736e-01 2.1936159199382166e-01 -4.3021142204224816e-15
4.9057903299300071e-01 2.2196979864557614e-01 2.2196979864557762e-01 -1.4710455076283324e-15
4.9372377038398146e-01 2.2458900343883298e-01 2.2458900343883403e-01 -1.0547118733938987e-15
4.9686850777496222e-01 2.2721910276475402e-01 2.2721910276475385e-01 1.6653345369377348e-16
5.0001324516594303e-01 2.2985999258354647e-01 2.2985999258354603e-01 4.4408920985006262e-16
5.0315798255692379e-01 2.3251156842857412e-01 2.3251156842857626e-01 -2.1371793224034263e-15
5.0630271994790454e-01 2.3517372541048970e-01 2.3517372541048925e-01 4.4408920985006262e-16
5.0944745733888530e-01 2.3784635822138409e-01 2.3784635822138497e-01 -8.8817841970012523e-16
5.1259219472986606e-01 2.4052936113895201e-01 2.4052936113895382e-01 -1.8041124150158794e-15
5.1573693212084692e-01 2.4322262803067418e-01 2.4322262803067662e-01 -2.4424906541753444e-15
5.1888166951182768e-01 2.4592605235801532e-01 2.4592605235801643e-01 -1.1102230246251565e-15
5.2202640690280844e-01 2.4863952718063909e-01 2.4863952718063748e-01 1.6098233857064770e-15
5.2517114429378919e-01 2.5136294516063790e-01 2.5136294516063801e-01 -1.1102230246251565e-16
5.2831588168476995e-01 2.5409619856677912e-01 2.5409619856678245e-01 -3.3306690738754696e-15
5.3146061907575071e-01 2.5683917927876659e-01 2.5683917927876804e-01 -1.4432899320127035e-15
5.3460535646673157e-01 2.5959177879151762e-01 2.5959177879151935e-01 -1.7208456881689926e-15
5.3775009385771233e-01 2.6235388821945504e-01 2.6235388821945549e-01 -4.4408920985006262e-16
5.4089483124869309e-01 2.6512539830081450e-01 2.6512539830081383e-01 6.6613381477509392e-16
5.4403956863967384e-01 2.6790619940196697e-01 2.6790619940196941e-01 -2.4424906541753444e-15
5.4718430603065460e-01 2.7069618152175451e-01 2.7069618152175473e-01 -2.2204460492503131e-16
5.5032904342163536e-01 2.7349523429584283e-01 2.7349523429584277e-01 5.5511151231257827e-17
5.5347378081261622e-01 2.7630324700108655e-01 2.7630324700108705e-01 -4.9960036108132044e-16
5.5661851820359698e-01 2.7912010855990838e-01 2.7912010855991226e-01 -3.8857805861880479e-15
5.5976325559457774e-01 2.8194570754469439e-01 2.8194570754469539e-01 -9.9920072216264089e-16
5.6290799298555849e-01 2.8477993218220088e-01 2.8477993218219849e-01 2.3869795029440866e-15
5.6605273037653925e-01 2.8762267035797612e-01 2.8762267035797562e-01 4.9960036108132044e-16
5.6919746776752000e-01 2.9047380962079494e-01 2.9047380962079850e-01 -3.5527136788005009e-15
5.7234220515850076e-01 2.9333323718710791e-01 2.9333323718710980e-01 -1.8873791418627661e-15
5.7548694254948163e-01 2.9620083994550184e-01 2.9620083994550273e-01 -8.8817841970012523e-16
5.7863167994046238e-01 2.9907650446117434e-01 2.9907650446117501e-01 -6.6613381477509392e-16
5.8177641733144314e-01 3.0196011698042158e-01 3.0196011698042324e-01 -1.6653345369377348e-15
5.8492115472242390e-01 3.0485156343513714e-01 3.0485156343513770e-01 -5.5511151231257827e-16
5.8806589211340465e-01 3.0775072944732534e-01 3.0775072944732673e-01 -1.3877787807814457e-15
5.9121062950438541e-01 3.1065750033362488e-01 3.1065750033362577e-01 -8.8817841970012523e-16
5.9435536689536628e-01 3.1357176110984564e-01 3.1357176110984636e-01 -7.2164496600635175e-16
5.9750010428634703e-01 3.1649339649551733e-01 3.1649339649551761e-01 -2.7755575615628914e-16
6.0064484167732779e-01 3.1942229091844943e-01 3.1942229091845120e-01 -1.7763568394002505e-15
6.0378957906830855e-01 3.2235832851930313e-01 3.2235832851930135e-01 1.7763568394002505e-15
6.0693431645928930e-01 3.2530139315617440e-01 3.2530139315617551e-01 -1.1102230246251565e-15
6.1007905385027006e-01 3.2825136840918834e-01 3.2825136840919072e-01 -2.3869795029440866e-15
6.1322379124125082e-01 3.3120813758510370e-01 3.3120813758510526e-01 -1.5543122344752192e-15
6.1636852863223168e-01 3.3417158372193045e-01 3.3417158372193290e-01 -2.4424906541753444e-15
6.1951326602321244e-01 3.3714158959355467e-01 3.3714158959355528e-01 -6.1062266354383610e-16
6.2265800341419320e-01 3.4011803771437726e-01 3.4011803771437882e-01 -1.5543122344752192e-15
6.2580274080517395e-01 3.4310081034396062e-01 3.4310081034396056e-01 5.5511151231257827e-17
6.2894747819615471e-01 3.4608978949168601e-01 3.4608978949168706e-01 -1.0547118733938987e-15
6.3209221558713546e-01 3.4908485692142144e-01 3.4908485692142244e-01 -9.9920072216264089e-16
6.3523695297811633e-01 3.5208589415619879e-01 3.5208589415619856e-01 2.2204460492503131e-16
6.3838169036909709e-01 3.5509278248289938e-01 3.5509278248290249e-01 -3.1086244689504383e-15
6.4152642776007784e-01 3.5810540295695148e-01 3.5810540295695165e-01 -1.6653345369377348e-16
6.4467116515105860e-01 3.6112363640703471e-01 3.6112363640703321e-01 1.4988010832439613e-15
6.4781590254203936e-01 3.6414736343979359e-01 3.6414736343979420e-01 -6.1062266354383610e-16
6.5096063993302011e-01 3.6717646444456170e-01 3.6717646444456276e-01 -1.0547118733938987e-15
6.5410537732400087e-01 3.7021081959809210e-01 3.7021081959809338e-01 -1.2767564783189300e-15
6.5725011471498174e-01 3.7325030886929766e-01 3.7325030886929828e-01 -6.1062266354383610e-16
6.6039485210596249e-01 3.7629481202399873e-01 3.7629481202400089e-01 -2.1649348980190553e-15
6.6353958949694325e-01 3.7934420862968038e-01 3.7934420862968049e-01 -1.1102230246251565e-16
6.6668432688792401e-01 3.8239837806025495e-01 3.8239837806025601e-01 -1.0547118733938987e-15
6.6982906427890476e-01 3.8545719950083485e-01 3.8545719950083657e-01 -1.7208456881689926e-15
6.7297380166988552e-01 3.8852055195251128e-01 3.8852055195251201e-01 -7.2164496600635175e-16
6.7611853906086639e-01 3.9158831423714047e-01 3.9158831423714058e-01 -1.1102230246251565e-16
6.7926327645184714e-01 3.9466036500213675e-01 3.9466036500213886e-01 -2.1094237467877974e-15
6.8240801384282790e-01 3.9773658272527451e-01 3.9773658272527501e-01 -4.9960036108132044e-16
6.8555275123380865e-01 4.0081684571949350e-01 4.0081684571949322e-01 2.7755575615628914e-16
6.8869748862478941e-01 4.0390103213771350e-01 4.0390103213771311e-01 3.8857805861880479e-16
6.9184222601577017e-01 4.0698901997765385e-01 4.0698901997765713e-01 -3.2751579226442118e-15
6.9498696340675103e-01 4.1008068708666001e-01 4.1008068708666007e-01 -5.5511151231257827e-17
6.9813170079773179e-01 4.1317591116653474e-01 4.1317591116653529e-01 -5.5511151231257827e-16
7.0127643818871255e-01 4.1627456977837685e-01 4.1627456977837674e-01 1.1102230246251565e-16
7.0442117557969330e-01 4.1937654034742383e-01 4.1937654034742433e-01 -4.9960036108132044e-16
7.0756591297067406e-01 4.2248170016790093e-01 4.2248170016790132e-01 -3.8857805861880479e-16
7.1071065036165482e-01 4.2558992640787530e-01 4.2558992640787602e-01 -7.2164496600635175e-16
7.1385538775263557e-01 4.2870109611411450e-01 4.2870109611411428e-01 2.2204460492503131e-16
7.1700012514361644e-01 4.3181508621695003e-01 4.3181508621695158e-01 -1.5543122344752192e-15
7.2014486253459720e-01 4.3493177353514612e-01 4.3493177353514717e-01 -1.0547118733938987e-15
7.2328959992557795e-01 4.3805103478077245e-01 4.3805103478077301e-01 -5.5511151231257827e-16
7.2643433731655871e-01 4.4117274656408068e-01 4.4117274656408034e-01 3.3306690738754696e-16
7.2957907470753947e-01 4.4429678539838580e-01 4.4429678539838674e-01 -9.4368957093138306e-16
7.3272381209852022e-01 4.4742302770495068e-01 4.4742302770495246e-01 -1.7763568394002505e-15
7.3586854948950109e-01 4.5055134981787504e-01 4.5055134981787531e-01 -2.7755575615628914e-16
7.3901328688048185e-01 4.5368162798898626e-01 4.5368162798898798e-01 -1.7208456881689926e-15
7.4215802427146260e-01 4.5681373839273570e-01 4.5681373839273659e-01 -8.8817841970012523e-16
7.4530276166244336e-01 4.5994755713109631e-01 4.5994755713109586e-01 4.4408920985006262e-16
7.4844749905342411e-01 4.6308296023846396e-01 4.6308296023846496e-01 -9.9920072216264089e-16
7.5159223644440487e-01 4.6621982368656067e-01 4.6621982368656156e-01 -8.8817841970012523e-16
7.5473697383538574e-01 4.6935802338934185e-01 4.6935802338934163e-01 2.2204460492503131e-16
7.5788171122636649e-01 4.7249743520790344e-01 4.7249743520790377e-01 -3.3306690738754696e-16
7.6102644861734725e-01 4.7563793495539380e-01 4.7563793495539591e-01 -2.1094237467877974e-15
7.6417118600832801e-01 4.7877939840192585e-01 4.7877939840192529e-01 5.5511151231257827e-16
7.6731592339930876e-01 4.8192170127949036e-01 4.8192170127948925e-01 1.1102230246251565e-15
7.7046066079028952e-01 4.8506471928687328e-01 4.8506471928687322e-01 5.5511151231257827e-17
7.7360539818127028e-01 4.8820832809457143e-01 4.8820832809457371e-01 -2.2759572004815709e-15
7.7675013557225114e-01 4.9135240334971125e-01 4.9135240334971148e-01 -2.2204460492503131e-16
7.7989487296323190e-01 4.9449682068096756e-01 4.9449682068096773e-01 -1.6653345369377348e-16
7.8303961035421266e-01 4.9764145570348395e-01 4.9764145570348395e-01 0.0000000000000000e+00
7.8618434774519341e-01 5.0078618402379227e-01 5.0078618402379182e-01 4.4408920985006262e-16
7.8932908513617417e-01 5.0393088124473406e-01 5.0393088124473462e-01 -5.5511151231257827e-16
7.9247382252715493e-01 5.0707542297038100e-01 5.0707542297038188e-01 -8.8817841970012523e-16
7.9561855991813579e-01 5.1021968481095570e-01 5.1021968481095537e-01 3.3306690738754696e-16
7.9876329730911655e-01 5.1336354238775239e-01 5.1336354238775184e-01 5.5511151231257827e-16
8.0190803470009731e-01 5.1650687133805673e-01 5.1650687133805917e-01 -2.4424906541753444e-15
8.0505277209107806e-01 5.1964954732006563e-01 5.1964954732006596e-01 -3.3306690738754696e-16
8.0819750948205882e-01 5.2279144601780558e-01 5.2279144601780470e-01 8.8817841970012523e-16
8.1134224687303957e-01 5.2593244314605037e-01 5.2593244314605136e-01 -9.9920072216264089e-16
8.1448698426402033e-01 5.2907241445523778e-01 5.2907241445523989e-01 -2.1094237467877974e-15
8.1763172165500120e-01 5.3221123573638407e-01 5.3221123573638407e-01 0.0000000000000000e+00
8.2077645904598195e-01 5.3534878282599729e-01 5.3534878282599796e-01 -6.6613381477509392e-16
8.2392119643696271e-01 5.3848493161098965e-01 5.3848493161098965e-01 0.0000000000000000e+00
8.2706593382794347e-01 5.4161955803358630e-01 5.4161955803358652e-01 -2.2204460492503131e-16
8.3021067121892422e-01 5.4475253809623314e-01 5.4475253809623414e-01 -9.9920072216264089e-16
8.3335540860990498e-01 5.4788374786650174e-01 5.4788374786650218e-01 -4.4408920985006262e-16
8.3650014600088585e-01 5.5101306348199197e-01 5.5101306348199253e-01 -5.5511151231257827e-16
8.3964488339186660e-01 5.5414036115523091e-01 5.5414036115523224e-01 -1.3322676295501878e-15
8.4278962078284736e-01 5.5726551717857031e-01 5.5726551717857198e-01 -1.6653345369377348e-15
8.4593435817382812e-01 5.6038840792908040e-01 5.6038840792908096e-01 -5.5511151231257827e-16
8.4907909556480887e-01 5.6350890987343938e-01 5.6350890987343893e-01 4.4408920985006262e-16
8.5222383295578963e-01 5.6662689957281975e-01 5.6662689957282042e-01 -6.6613381477509392e-16
8.5536857034677038e-01 5.6974225368777265e-01 5.6974225368777476e-01 -2.1094237467877974e-15
8.5851330773775125e-01 5.7285484898310568e-01 5.7285484898310646e-01 -7.7715611723760958e-16
8.6165804512873201e-01 5.7596456233275783e-01 5.7596456233275783e-01 0.0000000000000000e+00
8.6480278251971276e-01 5.7907127072467024e-01 5.7907127072467013e-01 1.1102230246251565e-16
8.6794751991069352e-01 5.8217485126565294e-01 5.8217485126565316e-01 -2.2204460492503131e-16
8.7109225730167428e-01 5.8527518118624478e-01 5.8527518118624555e-01 -7.7715611723760958e-16
8.7423699469265503e-01 5.8837213784557074e-01 5.8837213784557141e-01 -6.6613381477509392e-16
8.7738173208363590e-01 5.9146559873619331e-01 5.9146559873619320e-01 1.1102230246251565e-16
8.8052646947461666e-01 5.9455544148895811e-01 5.9455544148895911e-01 -9.9920072216264089e-16
8.8367120686559741e-01 5.9764154387783497e-01 5.9764154387783652e-01 -1.5543122344752192e-15
8.8681594425657817e-01 6.0072378382475244e-01 6.0072378382475289e-01 -4.4408920985006262e-16
8.8996068164755893e-01 6.0380203940442745e-01 6.0380203940442723e-01 2.2204460492503131e-16
8.9310541903853968e-01 6.0687618884918781e-01 6.0687618884918793e-01 -1.1102230246251565e-16
8.9625015642952055e-01 6.0994611055378878e-01 6.0994611055378900e-01 -2.2204460492503131e-16
8.9939489382050131e-01 6.1301168308022458e-01 6.1301168308022491e-01 -3.3306690738754696e-16
9.0253963121148206e-01 6.1607278516253061e-01 6.1607278516253117e-01 -5.5511151231257827e-16
9.0568436860246282e-01 6.1912929571158237e-01 6.1912929571158337e-01 -9.9920072216264089e-16
9.0882910599344358e-01 6.2218109381988340e-01 6.2218109381988462e-01 -1.2212453270876722e-15
9.1197384338442433e-01 6.2522805876634924e-01 6.2522805876634913e-01 1.1102230246251565e-16
9.1511858077540509e-01 6.2827007002108248e-01 6.2827007002108282e-01 -3.3306690738754696e-16
9.1826331816638596e-01 6.3130700725014099e-01 6.3130700725014144e-01 -4.4408920985006262e-16
9.2140805555736671e-01 6.3433875032029718e-01 6.3433875032029741e-01 -2.2204460492503131e-16
9.2455279294834747e-01 6.3736517930379144e-01 6.3736517930379211e-01 -6.6613381477509392e-16
9.2769753033932822e-01 6.4038617448307456e-01 6.4038617448307467e-01 -1.1102230246251565e-16
9.3084226773030898e-01 6.4340161635554505e-01 6.4340161635554527e-01 -2.2204460492503131e-16
9.3398700512128974e-01 6.4641138563827505e-01 6.4641138563827572e-01 -6.6613381477509392e-16
9.3713174251227060e-01 6.4941536327272986e-01 6.4941536327272986e-01 0.0000000000000000e+00
9.4027647990325136e-01 6.5241343042947653e-01 6.5241343042947664e-01 -1.1102230246251565e-16
9.4342121729423212e-01 6.5540546851288550e-01 6.5540546851288617e-01 -6.6613381477509392e-16
9.4656595468521287e-01 6.5839135916582137e-01 6.5839135916582170e-01 -3.3306690738754696e-16
9.4971069207619363e-01 6.6137098427432439e-01 6.6137098427432528e-01 -8.8817841970012523e-16
9.5285542946717439e-01 6.6434422597228426e-01 6.6434422597228548e-01 -1.2212453270876722e-15
9.5600016685815525e-01 6.6731096664610068e-01 6.6731096664610134e-01 -6.6613381477509392e-16
9.5914490424913601e-01 6.7027108893933685e-01 6.7027108893933673e-01 1.1102230246251565e-16
9.6228964164011677e-01 6.7322447575736166e-01 6.7322447575736144e-01 2.2204460492503131e-16
9.6543437903109752e-01 6.7617101027198201e-01 6.7617101027198323e-01 -1.2212453270876722e-15
9.6857911642207828e-01 6.7911057592606372e-01 6.7911057592606405e-01 -3.3306690738754696e-16
9.7172385381305904e-01 6.8204305643814178e-01 6.8204305643814156e-01 2.2204460492503131e-16
9.7486859120403979e-01 6.8496833580702143e-01 6.8496833580702232e-01 -8.8817841970012523e-16
9.7801332859502066e-01 6.8788629831636605e-01 6.8788629831636683e-01 -7.7715611723760958e-16
9.8115806598600142e-01 6.9079682853927415e-01 6.9079682853927471e-01 -5.5511151231257827e-16
9.8430280337698217e-01 6.9369981134284642e-01 6.9369981134284731e-01 -8.8817841970012523e-16
9.8744754076796293e-01 6.9659513189273936e-01 6.9659513189274025e-01 -8.8817841970012523e-16
9.9059227815894368e-01 6.9948267565770805e-01 6.9948267565770861e-01 -5.5511151231257827e-16
9.9373701554992444e-01 7.0236232841413659e-01 7.0236232841413637e-01 2.2204460492503131e-16
9.9688175294090531e-01 7.0523397625055695e-01 7.0523397625055728e-01 -3.3306690738754696e-16
1.0000264903318861e+00 7.0809750557215378e-01 7.0809750557215401e-01 -2.2204460492503131e-16
1.0031712277228668e+00 7.1095280310525966e-01 7.1095280310526010e-01 -4.4408920985006262e-16
1.0063159651138476e+00 7.1379975590183442e-01 7.1379975590183509e-01 -6.6613381477509392e-16
1.0094607025048283e+00 7.1663825134393422e-01 7.1663825134393433e-01 -1.1102230246251565e-16
1.0126054398958091e+00 7.1946817714816502e-01 7.1946817714816536e-01 -3.3306690738754696e-16
1.0157501772867898e+00 7.2228942137012619e-01 7.2228942137012642e-01 -2.2204460492503131e-16
1.0188949146777706e+00 7.2510187240883639e-01 7.2510187240883694e-01 -5.5511151231257827e-16
1.0220396520687514e+00 7.2790541901115047e-01 7.2790541901115080e-01 -3.3306690738754696e-16
1.0251843894597321e+00 7.3069995027615842e-01 7.3069995027615842e-01 0.0000000000000000e+00
1.0283291268507131e+00 7.3348535565957407e-01 7.3348535565957418e-01 -1.1102230246251565e-16
1.0314738642416938e+00 7.3626152497810593e-01 7.3626152497810604e-01 -1.1102230246251565e-16
1.0346186016326746e+00 7.3902834841381793e-01 7.3902834841381870e-01 -7.7715611723760958e-16
1.0377633390236554e+00 7.4178571651847225e-01 7.4178571651847269e-01 -4.4408920985006262e-16
1.0409080764146361e+00 7.4453352021785835e-01 7.4453352021785879e-01 -4.4408920985006262e-16
1.0440528138056169e+00 7.4727165081610925e-01 7.4727165081610947e-01 -2.2204460492503131e-16
1.0471975511965976e+00 7.4999999999999989e-01 7.5000000000000067e-01 -7.7715611723760958e-16
1.0503422885875784e+00 7.5271845984323216e-01 7.5271845984323249e-01 -3.3306690738754696e-16
1.0534870259785591e+00 7.5542692281070412e-01 7.5542692281070434e-01 -2.2204460492503131e-16
1.0566317633695399e+00 7.5812528176276417e-01 7.5812528176276461e-01 -4.4408920985006262e-16
1.0597765007605207e+00 7.6081342995944878e-01 7.6081342995944878e-01 0.0000000000000000e+00
1.0629212381515014e+00 7.6349126106470455e-01 7.6349126106470455e-01 0.0000000000000000e+00
1.0660659755424822e+00 7.6615866915059583e-01 7.6615866915059561e-01 2.2204460492503131e-16
1.0692107129334631e+00 7.6881554870149360e-01 7.6881554870149327e-01 3.3306690738754696e-16
1.0723554503244439e+00 7.7146179461824960e-01 7.7146179461824971e-01 -1.1102230246251565e-16
1.0755001877154247e+00 7.7409730222235484e-01 7.7409730222235518e-01 -3.3306690738754696e-16
1.0786449251064054e+00 7.7672196726007925e-01 7.7672196726007892e-01 3.3306690738754696e-16
1.0817896624973862e+00 7.7933568590659585e-01 7.7933568590659630e-01 -4.4408920985006262e-16
1.0849343998883669e+00 7.8193835477008877e-01 7.8193835477008899e-01 -2.2204460492503131e-16
1.0880791372793477e+00 7.8452987089584170e-01 7.8452987089584236e-01 -6.6613381477509392e-16
1.0912238746703284e+00 7.8711013177031153e-01 7.8711013177031197e-01 -4.4408920985006262e-16
1.0943686120613092e+00 7.8967903532518335e-01 7.8967903532518380e-01 -4.4408920985006262e-16
1.0975133494522900e+00 7.9223647994140745e-01 7.9223647994140733e-01 1.1102230246251565e-16
1.1006580868432707e+00 7.9478236445321959e-01 7.9478236445322004e-01 -4.4408920985006262e-16
1.1038028242342515e+00 7.9731658815214312e-01 7.9731658815214324e-01 -1.1102230246251565e-16
1.1069475616252324e+00 7.9983905079097239e-01 7.9983905079097306e-01 -6.6613381477509392e-16
1.1100922990162132e+00 8.0234965258773761e-01 8.0234965258773772e-01 -1.1102230246251565e-16
1.1132370364071940e+00 8.0484829422965332e-01 8.0484829422965387e-01 -5.5511151231257827e-16
1.1163817737981747e+00 8.0733487687704619e-01 8.0733487687704619e-01 0.0000000000000000e+00
1.1195265111891555e+00 8.0980930216726432e-01 8.0980930216726466e-01 -3.3306690738754696e-16
1.1226712485801362e+00 8.1227147221856932e-01 8.1227147221857021e-01 -8.8817841970012523e-16
1.1258159859711170e+00 8.1472128963400781e-01 8.1472128963400803e-01 -2.2204460492503131e-16
1.1289607233620977e+00 8.1715865750526362e-01 8.1715865750526351e-01 1.1102230246251565e-16
1.1321054607530785e+00 8.1958347941649234e-01 8.1958347941649246e-01 -1.1102230246251565e-16
1.1352501981440593e+00 8.2199565944813413e-01 8.2199565944813402e-01 1.1102230246251565e-16
1.1383949355350400e+00 8.2439510218070855e-01 8.2439510218070877e-01 -2.2204460492503131e-16
1.1415396729260208e+00 8.2678171269858935e-01 8.2678171269859002e-01 -6.6613381477509392e-16
1.1446844103170015e+00 8.2915539659375936e-01 8.2915539659375959e-01 -2.2204460492503131e-16
1.1478291477079825e+00 8.3151605996954336e-01 8.3151605996954336e-01 0.0000000000000000e+00
1.1509738850989633e+00 8.3386360944432414e-01 8.3386360944432458e-01 -4.4408920985006262e-16
1.1541186224899440e+00 8.3619795215523618e-01 8.3619795215523640e-01 -2.2204460492503131e-16
1.1572633598809248e+00 8.3851899576183819e-01 8.3851899576183841e-01 -2.2204460492503131e-16
1.1604080972719055e+00 8.4082664844976640e-01 8.4082664844976684e-01 -4.4408920985006262e-16
1.1635528346628863e+00 8.4312081893436674e-01 8.4312081893436641e-01 3.3306690738754696e-16
1.1666975720538670e+00 8.4540141646430533e-01 8.4540141646430600e-01 -6.6613381477509392e-16
1.1698423094448478e+00 8.4766835082515879e-01 8.4766835082515957e-01 -7.7715611723760958e-16
1.1729870468358286e+00 8.4992153234298262e-01 8.4992153234298240e-01 2.2204460492503131e-16
1.1761317842268093e+00 8.5216087188785805e-01 8.5216087188785794e-01 1.1102230246251565e-16
1.1792765216177901e+00 8.5438628087741908e-01 8.5438628087741852e-01 5.5511151231257827e-16
1.1824212590087708e+00 8.5659767128035480e-01 8.5659767128035558e-01 -7.7715611723760958e-16
1.1855659963997516e+00 8.5879495561989372e-01 8.5879495561989383e-01 -1.1102230246251565e-16
1.1887107337907326e+00 8.6097804697726232e-01 8.6097804697726255e-01 -2.2204460492503131e-16
1.1918554711817133e+00 8.6314685899512344e-01 8.6314685899512378e-01 -3.3306690738754696e-16
1.1950002085726941e+00 8.6530130588099419e-01 8.6530130588099430e-01 -1.1102230246251565e-16
1.1981449459636748e+00 8.6744130241063799e-01 8.6744130241063833e-01 -3.3306690738754696e-16
1.2012896833546556e+00 8.6956676393143539e-01 8.6956676393143584e-01 -4.4408920985006262e-16
1.2044344207456363e+00 8.7167760636573499e-01 8.7167760636573555e-01 -5.5511151231257827e-16
1.2075791581366171e+00 8.7377374621417658e-01 8.7377374621417681e-01 -2.2204460492503131e-16
1.2107238955275978e+00 8.7585510055899662e-01 8.7585510055899696e-01 -3.3306690738754696e-16
1.2138686329185786e+00 8.7792158706730594e-01 8.7792158706730627e-01 -3.3306690738754696e-16
1.2170133703095594e+00 8.7997312399434868e-01 8.7997312399434935e-01 -6.6613381477509392e-16
1.2201581077005401e+00 8.8200963018673451e-01 8.8200963018673506e-01 -5.5511151231257827e-16
1.2233028450915209e+00 8.8403102508564968e-01 8.8403102508564990e-01 -2.2204460492503131e-16
1.2264475824825016e+00 8.8603722873004287e-01 8.8603722873004298e-01 -1.1102230246251565e-16
1.2295923198734826e+00 8.8802816175978949e-01 8.8802816175978960e-01 -1.1102230246251565e-16
1.2327370572644634e+00 8.9000374541882910e-01 8.9000374541882887e-01 2.2204460492503131e-16
1.2358817946554441e+00 8.9196390155828287e-01 8.9196390155828276e-01 1.1102230246251565e-16
1.2390265320464249e+00 8.9390855263954327e-01 8.9390855263954383e-01 -5.5511151231257827e-16
1.2421712694374056e+00 8.9583762173734272e-01 8.9583762173734272e-01 0.0000000000000000e+00
1.2453160068283864e+00 8.9775103254279498e-01 8.9775103254279531e-01 -3.3306690738754696e-16
1.2484607442193671e+00 8.9964870936641506e-01 8.9964870936641539e-01 -3.3306690738754696e-16
1.2516054816103479e+00 9.0153057714111273e-01 9.0153057714111262e-01 1.1102230246251565e-16
1.2547502190013287e+00 9.0339656142516200e-01 9.0339656142516234e-01 -3.3306690738754696e-16
1.2578949563923094e+00 9.0524658840514594e-01 9.0524658840514660e-01 -6.6613381477509392e-16
1.2610396937832902e+00 9.0708058489887633e-01 9.0708058489887677e-01 -4.4408920985006262e-16
1.2641844311742709e+00 9.0889847835828885e-01 9.0889847835828863e-01 2.2204460492503131e-16
1.2673291685652517e+00 9.1070019687231241e-01 9.1070019687231274e-01 -3.3306690738754696e-16
1.2704739059562327e+00 9.1248566916971519e-01 9.1248566916971530e-01 -1.1102230246251565e-16
1.2736186433472134e+00 9.1425482462192109e-01 9.1425482462192154e-01 -4.4408920985006262e-16
1.2767633807381942e+00 9.1600759324580683e-01 9.1600759324580672e-01 1.1102230246251565e-16
1.2799081181291749e+00 9.1774390570646824e-01 9.1774390570646858e-01 -3.3306690738754696e-16
1.2830528555201557e+00 9.1946369331996358e-01 9.1946369331996369e-01 -1.1102230246251565e-16
1.2861975929111364e+00 9.2116688805603075e-01 9.2116688805603086e-01 -1.1102230246251565e-16
1.2893423303021172e+00 9.2285342254077785e-01 9.2285342254077785e-01 0.0000000000000000e+00
1.2924870676930980e+00 9.2452323005934878e-01 9.2452323005934911e-01 -3.3306690738754696e-16
1.2956318050840787e+00 9.2617624455856185e-01 9.2617624455856218e-01 -3.3306690738754696e-16
1.2987765424750595e+00 9.2781240064952331e-01 9.2781240064952342e-01 -1.1102230246251565e-16
1.3019212798660402e+00 9.2943163361021286e-01 9.2943163361021319e-01 -3.3306690738754696e-16
1.3050660172570210e+00 9.3103387938804560e-01 9.3103387938804616e-01 -5.5511151231257827e-16
1.3082107546480017e+00 9.3261907460240401e-01 9.3261907460240445e-01 -4.4408920985006262e-16
1.3113554920389827e+00 9.3418715654714635e-01 9.3418715654714624e-01 1.1102230246251565e-16
1.3145002294299635e+00 9.3573806319308617e-01 9.3573806319308628e-01 -1.1102230246251565e-16
1.3176449668209442e+00 9.3727173319044699e-01 9.3727173319044732e-01 -3.3306690738754696e-16
1.3207897042119250e+00 9.3878810587128880e-01 9.3878810587128936e-01 -5.5511151231257827e-16
1.3239344416029057e+00 9.4028712125190728e-01 9.4028712125190794e-01 -6.6613381477509392e-16
1.3270791789938865e+00 9.4176872003520762e-01 9.4176872003520751e-01 1.1102230246251565e-16
1.3302239163848673e+00 9.4323284361304915e-01 9.4323284361304960e-01 -4.4408920985006262e-16
1.3333686537758480e+00 9.4467943406856503e-01 9.4467943406856503e-01 0.0000000000000000e+00
1.3365133911668288e+00 9.4610843417845181e-01 9.4610843417845181e-01 0.0000000000000000e+00
1.3396581285578095e+00 9.4751978741523391e-01 9.4751978741523402e-01 -1.1102230246251565e-16
1.3428028659487903e+00 9.4891343794949934e-01 9.4891343794949967e-01 -3.3306690738754696e-16
1.3459476033397710e+00 9.5028933065210908e-01 9.5028933065210952e-01 -4.4408920985006262e-16
1.3490923407307520e+00 9.5164741109637607e-01 9.5164741109637652e-01 -4.4408920985006262e-16
1.3522370781217328e+00 9.5298762556021999e-01 9.5298762556022043e-01 -4.4408920985006262e-16
1.3553818155127135e+00 9.5430992102829082e-01 9.5430992102829126e-01 -4.4408920985006262e-16
1.3585265529036943e+00 9.5561424519406779e-01 9.5561424519406779e-01 0.0000000000000000e+00
1.3616712902946750e+00 9.5690054646192657e-01 9.5690054646192646e-01 1.1102230246251565e-16
1.3648160276856558e+00 9.5816877394918154e-01 9.5816877394918176e-01 -2.2204460492503131e-16
1.3679607650766366e+00 9.5941887748809807e-01 9.5941887748809818e-01 -1.1102230246251565e-16
1.3711055024676173e+00 9.6065080762787691e-01 9.6065080762787747e-01 -5.5511151231257827e-16
1.3742502398585981e+00 9.6186451563661124e-01 9.6186451563661146e-01 -2.2204460492503131e-16
1.3773949772495788e+00 9.6305995350321283e-01 9.6305995350321305e-01 -2.2204460492503131e-16
1.3805397146405596e+00 9.6423707393931268e-01 9.6423707393931279e-01 -1.1102230246251565e-16
1.3836844520315403e+00 9.6539583038113097e-01 9.6539583038113108e-01 -1.1102230246251565e-16
1.3868291894225211e+00 9.6653617699131866e-01 9.6653617699131888e-01 -2.2204460492503131e-16
1.3899739268135021e+00 9.6765806866077142e-01 9.6765806866077164e-01 -2.2204460492503131e-16
1.3931186642044828e+00 9.6876146101041372e-01 9.6876146101041349e-01 2.2204460492503131e-16
1.3962634015954636e+00 9.6984631039295410e-01 9.6984631039295421e-01 -1.1102230246251565e-16
1.3994081389864443e+00 9.7091257389461239e-01 9.7091257389461272e-01 -3.3306690738754696e-16
1.4025528763774251e+00 9.7196020933681648e-01 9.7196020933681648e-01 0.0000000000000000e+00
1.4056976137684059e+00 9.7298917527787110e-01 9.7298917527787143e-01 -3.3306690738754696e-16
1.4088423511593866e+00 9.7399943101459763e-01 9.7399943101459785e-01 -2.2204460492503131e-16
1.4119870885503674e+00 9.7499093658394353e-01 9.7499093658394365e-01 -1.1102230246251565e-16
1.4151318259413481e+00 9.7596365276456332e-01 9.7596365276456332e-01 0.0000000000000000e+00
1.4182765633323289e+00 9.7691754107837026e-01 9.7691754107837048e-01 -2.2204460492503131e-16
1.4214213007233096e+00 9.7785256379205843e-01 9.7785256379205865e-01 -2.2204460492503131e-16
1.4245660381142904e+00 9.7876868391859539e-01 9.7876868391859539e-01 0.0000000000000000e+00
1.4277107755052711e+00 9.7966586521868504e-01 9.7966586521868515e-01 -1.1102230246251565e-16
1.4308555128962521e+00 9.8054407220220130e-01 9.8054407220220130e-01 0.0000000000000000e+00
1.4340002502872329e+00 9.8140327012959216e-01 9.8140327012959239e-01 -2.2204460492503131e-16
1.4371449876782136e+00 9.8224342501325346e-01 9.8224342501325346e-01 0.0000000000000000e+00
1.4402897250691944e+00 9.8306450361887399e-01 9.8306450361887410e-01 -1.1102230246251565e-16
1.4434344624601751e+00 9.8386647346674927e-01 9.8386647346674960e-01 -3.3306690738754696e-16
1.4465791998511559e+00 9.8464930283306762e-01 9.8464930283306795e-01 -3.3306690738754696e-16
1.4497239372421367e+00 9.8541296075116380e-01 9.8541296075116391e-01 -1.1102230246251565e-16
1.4528686746331174e+00 9.8615741701274451e-01 9.8615741701274451e-01 0.0000000000000000e+00
1.4560134120240982e+00 9.8688264216908339e-01 9.8688264216908317e-01 2.2204460492503131e-16
1.4591581494150789e+00 9.8758860753218614e-01 9.8758860753218614e-01 0.0000000000000000e+00
1.4623028868060597e+00 9.8827528517592456e-01 9.8827528517592478e-01 -2.2204460492503131e-16
1.4654476241970404e+00 9.8894264793714259e-01 9.8894264793714226e-01 3.3306690738754696e-16
1.4685923615880212e+00 9.8959066941672880e-01 9.8959066941672891e-01 -1.1102230246251565e-16
1.4717370989790022e+00 9.9021932398066337e-01 9.9021932398066315e-01 2.2204460492503131e-16
1.4748818363699829e+00 9.9082858676102903e-01 9.9082858676102936e-01 -3.3306690738754696e-16
1.4780265737609637e+00 9.9141843365699733e-01 9.9141843365699733e-01 0.0000000000000000e+00
1.4811713111519444e+00 9.9198884133578058e-01 9.9198884133578102e-01 -4.4408920985006262e-16
1.4843160485429252e+00 9.9253978723355563e-01 9.9253978723355585e-01 -2.2204460492503131e-16
1.4874607859339060e+00 9.9307124955635562e-01 9.9307124955635584e-01 -2.2204460492503131e-16
1.4906055233248867e+00 9.9358320728093275e-01 9.9358320728093308e-01 -3.3306690738754696e-16
1.4937502607158675e+00 9.9407564015558991e-01 9.9407564015558991e-01 0.0000000000000000e+00
1.4968949981068482e+00 9.9454852870098065e-01 9.9454852870098054e-01 1.1102230246251565e-16
1.5000397354978290e+00 9.9500185421088183e-01 9.9500185421088205e-01 -2.2204460492503131e-16
1.5031844728888097e+00 9.9543559875293175e-01 9.9543559875293208e-01 -3.3306690738754696e-16
1.5063292102797905e+00 9.9584974516934044e-01 9.9584974516934044e-01 0.0000000000000000e+00
1.5094739476707715e+00 9.9624427707756757e-01 9.9624427707756735e-01 2.2204460492503131e-16
1.5126186850617522e+00 9.9661917887097140e-01 9.9661917887097173e-01 -3.3306690738754696e-16
1.5157634224527330e+00 9.9697443571942601e-01 9.9697443571942612e-01 -1.1102230246251565e-16
1.5189081598437137e+00 9.9731003356990733e-01 9.9731003356990766e-01 -3.3306690738754696e-16
1.5220528972346945e+00 9.9762595914704955e-01 9.9762595914704955e-01 0.0000000000000000e+00
1.5251976346256753e+00 9.9792219995366971e-01 9.9792219995366993e-01 -2.2204460492503131e-16
1.5283423720166560e+00 9.9819874427126309e-01 9.9819874427126354e-01 -4.4408920985006262e-16
1.5314871094076368e+00 9.9845558116046595e-01 9.9845558116046595e-01 0.0000000000000000e+00
1.5346318467986175e+00 9.9869270046148817e-01 9.9869270046148784e-01 3.3306690738754696e-16
1.5377765841895983e+00 9.9891009279451526e-01 9.9891009279451537e-01 -1.1102230246251565e-16
1.5409213215805790e+00 9.9910774956008030e-01 9.9910774956008042e-01 -1.1102230246251565e-16
1.5440660589715598e+00 9.9928566293940302e-01 9.9928566293940302e-01 0.0000000000000000e+00
1.5472107963625406e+00 9.9944382589469893e-01 9.9944382589469916e-01 -2.2204460492503131e-16
1.5503555337535215e+00 9.9958223216945896e-01 9.9958223216945874e-01 2.2204460492503131e-16
1.5535002711445023e+00 9.9970087628869564e-01 9.9970087628869575e-01 -1.1102230246251565e-16
1.5566450085354830e+00 9.9979975355916084e-01 9.9979975355916084e-01 0.0000000000000000e+00
1.5597897459264638e+00 9.9987886006953031e-01 9.9987886006953031e-01 0.0000000000000000e+00
1.5629344833174446e+00 9.9993819269055906e-01 9.9993819269055917e-01 -1.1102230246251565e-16
1.5660792207084253e+00 9.9997774907520542e-01 9.9997774907520576e-01 -3.3306690738754696e-16
1.5692239580994061e+00 9.9999752765872296e-01 9.9999752765872318e-01 -2.2204460492503131e-16
1.5723686954903868e+00 9.9999752765872296e-01 9.9999752765872307e-01 -1.1102230246251565e-16
1.5755134328813676e+00 9.9997774907520542e-01 9.9997774907520554e-01 -1.1102230246251565e-16
1.5786581702723483e+00 9.9993819269055906e-01 9.9993819269055917e-01 -1.1102230246251565e-16
1.5818029076633291e+00 9.9987886006953031e-01 9.9987886006953020e-01 1.1102230246251565e-16
1.5849476450543099e+00 9.9979975355916084e-01 9.9979975355916106e-01 -2.2204460492503131e-16
1.5880923824452906e+00 9.9970087628869564e-01 9.9970087628869553e-01 1.1102230246251565e-16
1.5912371198362716e+00 9.9958223216945896e-01 9.9958223216945907e-01 -1.1102230246251565e-16
1.5943818572272523e+00 9.9944382589469893e-01 9.9944382589469916e-01 -2.2204460492503131e-16
1.5975265946182331e+00 9.9928566293940302e-01 9.9928566293940302e-01 0.0000000000000000e+00
1.6006713320092139e+00 9.9910774956008053e-01 9.9910774956008053e-01 0.0000000000000000e+00
1.6038160694001946e+00 9.9891009279451526e-01 9.9891009279451537e-01 -1.1102230246251565e-16
1.6069608067911754e+00 9.9869270046148817e-01 9.9869270046148806e-01 1.1102230246251565e-16
1.6101055441821561e+00 9.9845558116046595e-01 9.9845558116046629e-01 -3.3306690738754696e-16
1.6132502815731369e+00 9.9819874427126332e-01 9.9819874427126309e-01 2.2204460492503131e-16
1.6163950189641176e+00 9.9792219995366993e-01 9.9792219995366960e-01 3.3306690738754696e-16
1.6195397563550984e+00 9.9762595914704955e-01 9.9762595914704966e-01 -1.1102230246251565e-16
1.6226844937460791e+00 9.9731003356990755e-01 9.9731003356990733e-01 2.2204460492503131e-16
1.6258292311370599e+00 9.9697443571942623e-01 9.9697443571942634e-01 -1.1102230246251565e-16
1.6289739685280407e+00 9.9661917887097140e-01 9.9661917887097173e-01 -3.3306690738754696e-16
1.6321187059190216e+00 9.9624427707756757e-01 9.9624427707756746e-01 1.1102230246251565e-16
1.6352634433100024e+00 9.9584974516934044e-01 9.9584974516934055e-01 -1.1102230246251565e-16
1.6384081807009832e+00 9.9543559875293175e-01 9.9543559875293186e-01 -1.1102230246251565e-16
1.6415529180919639e+00 9.9500185421088183e-01 9.9500185421088194e-01 -1.1102230246251565e-16
1.6446976554829447e+00 9.9454852870098065e-01 9.9454852870098076e-01 -1.1102230246251565e-16
1.6478423928739254e+00 9.9407564015558991e-01 9.9407564015558980e-01 1.1102230246251565e-16
1.6509871302649062e+00 9.9358320728093297e-01 9.9358320728093297e-01 0.0000000000000000e+00
1.6541318676558869e+00 9.9307124955635584e-01 9.9307124955635573e-01 1.1102230246251565e-16
1.6572766050468677e+00 9.9253978723355585e-01 9.9253978723355585e-01 0.0000000000000000e+00
1.6604213424378484e+00 9.9198884133578080e-01 9.9198884133578069e-01 1.1102230246251565e-16
1.6635660798288292e+00 9.9141843365699756e-01 9.9141843365699733e-01 2.2204460492503131e-16
1.6667108172198100e+00 9.9082858676102903e-01 9.9082858676102903e-01 0.0000000000000000e+00
1.6698555546107907e+00 9.9021932398066337e-01 9.9021932398066337e-01 0.0000000000000000e+00
1.6730002920017717e+00 9.8959066941672902e-01 9.8959066941672924e-01 -2.2204460492503131e-16
1.6761450293927525e+00 9.8894264793714259e-01 9.8894264793714259e-01 0.0000000000000000e+00
1.6792897667837332e+00 9.8827528517592478e-01 9.8827528517592489e-01 -1.1102230246251565e-16
1.6824345041747140e+00 9.8758860753218614e-01 9.8758860753218614e-01 0.0000000000000000e+00
1.6855792415656947e+00 9.8688264216908339e-01 9.8688264216908350e-01 -1.1102230246251565e-16
1.6887239789566755e+00 9.8615741701274451e-01 9.8615741701274462e-01 -1.1102230246251565e-16
1.6918687163476562e+00 9.8541296075116380e-01 9.8541296075116402e-01 -2.2204460492503131e-16
1.6950134537386370e+00 9.8464930283306784e-01 9.8464930283306795e-01 -1.1102230246251565e-16
1.6981581911296177e+00 9.8386647346674949e-01 9.8386647346674960e-01 -1.1102230246251565e-16
1.7013029285205985e+00 9.8306450361887399e-01 9.8306450361887410e-01 -1.1102230246251565e-16
1.7044476659115793e+00 9.8224342501325368e-01 9.8224342501325368e-01 0.0000000000000000e+00
1.7075924033025600e+00 9.8140327012959216e-01 9.8140327012959228e-01 -1.1102230246251565e-16
1.7107371406935408e+00 9.8054407220220152e-01 9.8054407220220141e-01 1.1102230246251565e-16
1.7138818780845217e+00 9.7966586521868504e-01 9.7966586521868526e-01 -2.2204460492503131e-16
1.7170266154755025e+00 9.7876868391859539e-01 9.7876868391859562e-01 -2.2204460492503131e-16
1.7201713528664833e+00 9.7785256379205843e-01 9.7785256379205876e-01 -3.3306690738754696e-16
1.7233160902574640e+00 9.7691754107837026e-01 9.7691754107837026e-01 0.0000000000000000e+00
1.7264608276484448e+00 9.7596365276456332e-01 9.7596365276456343e-01 -1.1102230246251565e-16
1.7296055650394255e+00 9.7499093658394353e-01 9.7499093658394376e-01 -2.2204460492503131e-16
1.7327503024304063e+00 9.7399943101459763e-01 9.7399943101459785e-01 -2.2204460492503131e-16
1.7358950398213870e+00 9.7298917527787132e-01 9.7298917527787143e-01 -1.1102230246251565e-16
1.7390397772123678e+00 9.7196020933681671e-01 9.7196020933681659e-01 1.1102230246251565e-16
1.7421845146033486e+00 9.7091257389461261e-01 9.7091257389461272e-01 -1.1102230246251565e-16
1.7453292519943293e+00 9.6984631039295432e-01 9.6984631039295444e-01 -1.1102230246251565e-16
1.7484739893853101e+00 9.6876146101041372e-01 9.6876146101041394e-01 -2.2204460492503131e-16
1.7516187267762910e+00 9.6765806866077142e-01 9.6765806866077164e-01 -2.2204460492503131e-16
1.7547634641672718e+00 9.6653617699131866e-01 9.6653617699131888e-01 -2.2204460492503131e-16
1.7579082015582526e+00 9.6539583038113097e-01 9.6539583038113108e-01 -1.1102230246251565e-16
1.7610529389492333e+00 9.6423707393931291e-01 9.6423707393931324e-01 -3.3306690738754696e-16
1.7641976763402141e+00 9.6305995350321305e-01 9.6305995350321327e-01 -2.2204460492503131e-16
1.7673424137311948e+00 9.6186451563661146e-01 9.6186451563661157e-01 -1.1102230246251565e-16
1.7704871511221756e+00 9.6065080762787713e-01 9.6065080762787736e-01 -2.2204460492503131e-16
1.7736318885131563e+00 9.5941887748809807e-01 9.5941887748809829e-01 -2.2204460492503131e-16
1.7767766259041371e+00 9.5816877394918154e-01 9.5816877394918176e-01 -2.2204460492503131e-16
1.7799213632951179e+00 9.5690054646192679e-01 9.5690054646192679e-01 0.0000000000000000e+00
1.7830661006860986e+00 9.5561424519406801e-01 9.5561424519406801e-01 0.0000000000000000e+00
1.7862108380770794e+00 9.5430992102829104e-01 9.5430992102829126e-01 -2.2204460492503131e-16
1.7893555754680601e+00 9.5298762556021999e-01 9.5298762556022021e-01 -2.2204460492503131e-16
1.7925003128590411e+00 9.5164741109637629e-01 9.5164741109637641e-01 -1.1102230246251565e-16
1.7956450502500219e+00 9.5028933065210930e-01 9.5028933065210919e-01 1.1102230246251565e-16
1.7987897876410026e+00 9.4891343794949956e-01 9.4891343794949978e-01 -2.2204460492503131e-16
1.8019345250319834e+00 9.4751978741523413e-01 9.4751978741523424e-01 -1.1102230246251565e-16
1.8050792624229641e+00 9.4610843417845203e-01 9.4610843417845203e-01 0.0000000000000000e+00
1.8082239998139449e+00 9.4467943406856525e-01 9.4467943406856547e-01 -2.2204460492503131e-16
1.8113687372049256e+00 9.4323284361304938e-01 9.4323284361304949e-01 -1.1102230246251565e-16
1.8145134745959064e+00 9.4176872003520762e-01 9.4176872003520773e-01 -1.1102230246251565e-16
1.8176582119868872e+00 9.4028712125190750e-01 9.4028712125190772e-01 -2.2204460492503131e-16
1.8208029493778679e+00 9.3878810587128902e-01 9.3878810587128914e-01 -1.1102230246251565e-16
1.8239476867688487e+00 9.3727173319044721e-01 9.3727173319044743e-01 -2.2204460492503131e-16
1.8270924241598294e+00 9.3573806319308639e-01 9.3573806319308661e-01 -2.2204460492503131e-16
1.8302371615508102e+00 9.3418715654714657e-01 9.3418715654714646e-01 1.1102230246251565e-16
1.8333818989417912e+00 9.3261907460240423e-01 9.3261907460240423e-01 0.0000000000000000e+00
1.8365266363327719e+00 9.3103387938804583e-01 9.3103387938804594e-01 -1.1102230246251565e-16
1.8396713737237527e+00 9.2943163361021308e-01 9.2943163361021308e-01 0.0000000000000000e+00
1.8428161111147334e+00 9.2781240064952331e-01 9.2781240064952375e-01 -4.4408920985006262e-16
1.8459608485057142e+00 9.2617624455856207e-01 9.2617624455856229e-01 -2.2204460492503131e-16
1.8491055858966949e+00 9.2452323005934900e-01 9.2452323005934911e-01 -1.1102230246251565e-16
1.8522503232876757e+00 9.2285342254077807e-01 9.2285342254077851e-01 -4.4408920985006262e-16
1.8553950606786564e+00 9.2116688805603097e-01 9.2116688805603131e-01 -3.3306690738754696e-16
1.8585397980696372e+00 9.1946369331996380e-01 9.1946369331996392e-01 -1.1102230246251565e-16
1.8616845354606180e+00 9.1774390570646824e-01 9.1774390570646858e-01 -3.3306690738754696e-16
1.8648292728515987e+00 9.1600759324580694e-01 9.1600759324580705e-01 -1.1102230246251565e-16
1.8679740102425795e+00 9.1425482462192131e-01 9.1425482462192154e-01 -2.2204460492503131e-16
1.8711187476335602e+00 9.1248566916971530e-01 9.1248566916971563e-01 -3.3306690738754696e-16
1.8742634850245412e+00 9.1070019687231263e-01 9.1070019687231285e-01 -2.2204460492503131e-16
1.8774082224155220e+00 9.0889847835828885e-01 9.0889847835828896e-01 -1.1102230246251565e-16
1.8805529598065027e+00 9.0708058489887644e-01 9.0708058489887666e-01 -2.2204460492503131e-16
1.8836976971974835e+00 9.0524658840514616e-01 9.0524658840514627e-01 -1.1102230246251565e-16
1.8868424345884642e+00 9.0339656142516223e-01 9.0339656142516234e-01 -1.1102230246251565e-16
1.8899871719794450e+00 9.0153057714111295e-01 9.0153057714111307e-01 -1.1102230246251565e-16
1.8931319093704257e+00 8.9964870936641528e-01 8.9964870936641539e-01 -1.1102230246251565e-16
1.8962766467614065e+00 8.9775103254279520e-01 8.9775103254279542e-01 -2.2204460492503131e-16
1.8994213841523873e+00 8.9583762173734294e-01 8.9583762173734294e-01 0.0000000000000000e+00
1.9025661215433680e+00 8.9390855263954350e-01 8.9390855263954361e-01 -1.1102230246251565e-16
1.9057108589343488e+00 8.9196390155828309e-01 8.9196390155828309e-01 0.0000000000000000e+00
1.9088555963253295e+00 8.9000374541882932e-01 8.9000374541882943e-01 -1.1102230246251565e-16
1.9120003337163105e+00 8.8802816175978949e-01 8.8802816175978971e-01 -2.2204460492503131e-16
1.9151450711072913e+00 8.8603722873004309e-01 8.8603722873004354e-01 -4.4408920985006262e-16
1.9182898084982720e+00 8.8403102508564990e-01 8.8403102508565001e-01 -1.1102230246251565e-16
1.9214345458892528e+00 8.8200963018673462e-01 8.8200963018673484e-01 -2.2204460492503131e-16
1.9245792832802335e+00 8.7997312399434879e-01 8.7997312399434890e-01 -1.1102230246251565e-16
1.9277240206712143e+00 8.7792158706730616e-01 8.7792158706730616e-01 0.0000000000000000e+00
1.9308687580621950e+00 8.7585510055899685e-01 8.7585510055899707e-01 -2.2204460492503131e-16
1.9340134954531758e+00 8.7377374621417681e-01 8.7377374621417703e-01 -2.2204460492503131e-16
1.9371582328441566e+00 8.7167760636573521e-01 8.7167760636573544e-01 -2.2204460492503131e-16
1.9403029702351373e+00 8.6956676393143562e-01 8.6956676393143595e-01 -3.3306690738754696e-16
1.9434477076261181e+00 8.6744130241063822e-01 8.6744130241063822e-01 0.0000000000000000e+00
1.9465924450170988e+00 8.6530130588099463e-01 8.6530130588099485e-01 -2.2204460492503131e-16
1.9497371824080796e+00 8.6314685899512367e-01 8.6314685899512389e-01 -2.2204460492503131e-16
1.9528819197990606e+00 8.6097804697726232e-01 8.6097804697726255e-01 -2.2204460492503131e-16
1.9560266571900413e+00 8.5879495561989394e-01 8.5879495561989405e-01 -1.1102230246251565e-16
1.9591713945810221e+00 8.5659767128035524e-01 8.5659767128035535e-01 -1.1102230246251565e-16
1.9623161319720028e+00 8.5438628087741930e-01 8.5438628087741930e-01 0.0000000000000000e+00
1.9654608693629836e+00 8.5216087188785827e-01 8.5216087188785827e-01 0.0000000000000000e+00
1.9686056067539643e+00 8.4992153234298284e-01 8.4992153234298295e-01 -1.1102230246251565e-16
1.9717503441449451e+00 8.4766835082515923e-01 8.4766835082515912e-01 1.1102230246251565e-16
1.9748950815359259e+00 8.4540141646430556e-01 8.4540141646430578e-01 -2.2204460492503131e-16
1.9780398189269066e+00 8.4312081893436697e-01 8.4312081893436719e-01 -2.2204460492503131e-16
1.9811845563178874e+00 8.4082664844976662e-01 8.4082664844976673e-01 -1.1102230246251565e-16
1.9843292937088681e+00 8.3851899576183841e-01 8.3851899576183853e-01 -1.1102230246251565e-16
1.9874740310998489e+00 8.3619795215523640e-01 8.3619795215523651e-01 -1.1102230246251565e-16
1.9906187684908296e+00 8.3386360944432436e-01 8.3386360944432458e-01 -2.2204460492503131e-16
1.9937635058818106e+00 8.3151605996954336e-01 8.3151605996954336e-01 0.0000000000000000e+00
1.9969082432727914e+00 8.2915539659375948e-01 8.2915539659375948e-01 0.0000000000000000e+00
2.0000529806637721e+00 8.2678171269858980e-01 8.2678171269858980e-01 0.0000000000000000e+00
2.0031977180547527e+00 8.2439510218070899e-01 8.2439510218070911e-01 -1.1102230246251565e-16
2.0063424554457336e+00 8.2199565944813424e-01 8.2199565944813435e-01 -1.1102230246251565e-16
2.0094871928367142e+00 8.1958347941649279e-01 8.1958347941649290e-01 -1.1102230246251565e-16
2.0126319302276952e+00 8.1715865750526406e-01 8.1715865750526395e-01 1.1102230246251565e-16
2.0157766676186761e+00 8.1472128963400781e-01 8.1472128963400803e-01 -2.2204460492503131e-16
2.0189214050096567e+00 8.1227147221856977e-01 8.1227147221856966e-01 1.1102230246251565e-16
2.0220661424006376e+00 8.0980930216726432e-01 8.0980930216726454e-01 -2.2204460492503131e-16
2.0252108797916182e+00 8.0733487687704641e-01 8.0733487687704653e-01 -1.1102230246251565e-16
2.0283556171825992e+00 8.0484829422965354e-01 8.0484829422965354e-01 0.0000000000000000e+00
2.0315003545735797e+00 8.0234965258773794e-01 8.0234965258773794e-01 0.0000000000000000e+00
2.0346450919645607e+00 7.9983905079097262e-01 7.9983905079097251e-01 1.1102230246251565e-16
2.0377898293555412e+00 7.9731658815214346e-01 7.9731658815214357e-01 -1.1102230246251565e-16
2.0409345667465222e+00 7.9478236445321981e-01 7.9478236445321981e-01 0.0000000000000000e+00
2.0440793041375027e+00 7.9223647994140778e-01 7.9223647994140778e-01 0.0000000000000000e+00
2.0472240415284837e+00 7.8967903532518358e-01 7.8967903532518358e-01 0.0000000000000000e+00
2.0503687789194642e+00 7.8711013177031219e-01 7.8711013177031230e-01 -1.1102230246251565e-16
2.0535135163104452e+00 7.8452987089584214e-01 7.8452987089584214e-01 0.0000000000000000e+00
2.0566582537014262e+00 7.8193835477008899e-01 7.8193835477008899e-01 0.0000000000000000e+00
2.0598029910924067e+00 7.7933568590659630e-01 7.7933568590659619e-01 1.1102230246251565e-16
2.0629477284833877e+00 7.7672196726007925e-01 7.7672196726007925e-01 0.0000000000000000e+00
2.0660924658743682e+00 7.7409730222235518e-01 7.7409730222235518e-01 0.0000000000000000e+00
2.0692372032653492e+00 7.7146179461824982e-01 7.7146179461824971e-01 1.1102230246251565e-16
2.0723819406563297e+00 7.6881554870149382e-01 7.6881554870149382e-01 0.0000000000000000e+00
2.0755266780473107e+00 7.6615866915059605e-01 7.6615866915059605e-01 0.0000000000000000e+00
2.0786714154382913e+00 7.6349126106470511e-01 7.6349126106470511e-01 0.0000000000000000e+00
2.0818161528292722e+00 7.6081342995944901e-01 7.6081342995944889e-01 1.1102230246251565e-16
2.0849608902202528e+00 7.5812528176276484e-01 7.5812528176276472e-01 1.1102230246251565e-16
2.0881056276112337e+00 7.5542692281070456e-01 7.5542692281070445e-01 1.1102230246251565e-16
2.0912503650022143e+00 7.5271845984323249e-01 7.5271845984323249e-01 0.0000000000000000e+00
2.0943951023931953e+00 7.5000000000000011e-01 7.5000000000000011e-01 0.0000000000000000e+00
2.0975398397841762e+00 7.4727165081610947e-01 7.4727165081610936e-01 1.1102230246251565e-16
2.1006845771751568e+00 7.4453352021785857e-01 7.4453352021785857e-01 0.0000000000000000e+00
2.1038293145661378e+00 7.4178571651847225e-01 7.4178571651847225e-01 0.0000000000000000e+00
2.1069740519571183e+00 7.3902834841381837e-01 7.3902834841381826e-01 1.1102230246251565e-16
2.1101187893480993e+00 7.3626152497810615e-01 7.3626152497810604e-01 1.1102230246251565e-16
2.1132635267390798e+00 7.3348535565957418e-01 7.3348535565957429e-01 -1.1102230246251565e-16
2.1164082641300608e+00 7.3069995027615875e-01 7.3069995027615864e-01 1.1102230246251565e-16
2.1195530015210413e+00 7.2790541901115091e-01 7.2790541901115080e-01 1.1102230246251565e-16
2.1226977389120223e+00 7.2510187240883683e-01 7.2510187240883683e-01 0.0000000000000000e+00
2.1258424763030028e+00 7.2228942137012675e-01 7.2228942137012653e-01 2.2204460492503131e-16
2.1289872136939838e+00 7.1946817714816547e-01 7.1946817714816547e-01 0.0000000000000000e+00
2.1321319510849643e+00 7.1663825134393455e-01 7.1663825134393455e-01 0.0000000000000000e+00
2.1352766884759453e+00 7.1379975590183475e-01 7.1379975590183475e-01 0.0000000000000000e+00
2.1384214258669263e+00 7.1095280310525977e-01 7.1095280310525966e-01 1.1102230246251565e-16
2.1415661632579068e+00 7.0809750557215401e-01 7.0809750557215412e-01 -1.1102230246251565e-16
2.1447109006488878e+00 7.0523397625055695e-01 7.0523397625055695e-01 0.0000000000000000e+00
2.1478556380398683e+00 7.0236232841413693e-01 7.0236232841413704e-01 -1.1102230246251565e-16
2.1510003754308493e+00 6.9948267565770827e-01 6.9948267565770827e-01 0.0000000000000000e+00
2.1541451128218299e+00 6.9659513189273992e-01 6.9659513189273969e-01 2.2204460492503131e-16
2.1572898502128108e+00 6.9369981134284664e-01 6.9369981134284664e-01 0.0000000000000000e+00
2.1604345876037914e+00 6.9079682853927449e-01 6.9079682853927449e-01 0.0000000000000000e+00
2.1635793249947723e+00 6.8788629831636638e-01 6.8788629831636616e-01 2.2204460492503131e-16
2.1667240623857529e+00 6.8496833580702199e-01 6.8496833580702199e-01 0.0000000000000000e+00
2.1698687997767339e+00 6.8204305643814211e-01 6.8204305643814200e-01 1.1102230246251565e-16
2.1730135371677144e+00 6.7911057592606405e-01 6.7911057592606405e-01 0.0000000000000000e+00
2.1761582745586954e+00 6.7617101027198245e-01 6.7617101027198234e-01 1.1102230246251565e-16
2.1793030119496763e+00 6.7322447575736188e-01 6.7322447575736166e-01 2.2204460492503131e-16
2.1824477493406569e+00 6.7027108893933696e-01 6.7027108893933696e-01 0.0000000000000000e+00
2.1855924867316379e+00 6.6731096664610090e-01 6.6731096664610079e-01 1.1102230246251565e-16
2.1887372241226184e+00 6.6434422597228471e-01 6.6434422597228471e-01 0.0000000000000000e+00
2.1918819615135994e+00 6.6137098427432484e-01 6.6137098427432461e-01 2.2204460492503131e-16
2.1950266989045799e+00 6.5839135916582170e-01 6.5839135916582159e-01 1.1102230246251565e-16
2.1981714362955609e+00 6.5540546851288572e-01 6.5540546851288572e-01 0.0000000000000000e+00
2.2013161736865414e+00 6.5241343042947708e-01 6.5241343042947686e-01 2.2204460492503131e-16
2.2044609110775224e+00 6.4941536327273008e-01 6.4941536327273008e-01 0.0000000000000000e+00
2.2076056484685029e+00 6.4641138563827549e-01 6.4641138563827549e-01 0.0000000000000000e+00
2.2107503858594839e+00 6.4340161635554538e-01 6.4340161635554527e-01 1.1102230246251565e-16
2.2138951232504649e+00 6.4038617448307456e-01 6.4038617448307467e-01 -1.1102230246251565e-16
2.2170398606414454e+00 6.3736517930379177e-01 6.3736517930379166e-01 1.1102230246251565e-16
2.2201845980324264e+00 6.3433875032029730e-01 6.3433875032029730e-01 0.0000000000000000e+00
2.2233293354234069e+00 6.3130700725014111e-01 6.3130700725014122e-01 -1.1102230246251565e-16
2.2264740728143879e+00 6.2827007002108259e-01 6.2827007002108259e-01 0.0000000000000000e+00
2.2296188102053685e+00 6.2522805876634957e-01 6.2522805876634946e-01 1.1102230246251565e-16
2.2327635475963494e+00 6.2218109381988351e-01 6.2218109381988362e-01 -1.1102230246251565e-16
2.2359082849873300e+00 6.1912929571158293e-01 6.1912929571158282e-01 1.1102230246251565e-16
2.2390530223783109e+00 6.1607278516253094e-01 6.1607278516253094e-01 0.0000000000000000e+00
2.2421977597692915e+00 6.1301168308022491e-01 6.1301168308022480e-01 1.1102230246251565e-16
2.2453424971602725e+00 6.0994611055378911e-01 6.0994611055378900e-01 1.1102230246251565e-16
2.2484872345512530e+00 6.0687618884918826e-01 6.0687618884918826e-01 0.0000000000000000e+00
2.2516319719422340e+00 6.0380203940442789e-01 6.0380203940442778e-01 1.1102230246251565e-16
2.2547767093332149e+00 6.0072378382475256e-01 6.0072378382475267e-01 -1.1102230246251565e-16
2.2579214467241955e+00 5.9764154387783519e-01 5.9764154387783519e-01 0.0000000000000000e+00
2.2610661841151765e+00 5.9455544148895823e-01 5.9455544148895811e-01 1.1102230246251565e-16
2.2642109215061570e+00 5.9146559873619364e-01 5.9146559873619364e-01 0.0000000000000000e+00
2.2673556588971380e+00 5.8837213784557085e-01 5.8837213784557085e-01 0.0000000000000000e+00
2.2705003962881185e+00 5.8527518118624522e-01 5.8527518118624522e-01 0.0000000000000000e+00
2.2736451336790995e+00 5.8217485126565327e-01 5.8217485126565327e-01 0.0000000000000000e+00
2.2767898710700800e+00 5.7907127072467079e-01 5.7907127072467068e-01 1.1102230246251565e-16
2.2799346084610610e+00 5.7596456233275795e-01 5.7596456233275806e-01 -1.1102230246251565e-16
2.2830793458520415e+00 5.7285484898310612e-01 5.7285484898310612e-01 0.0000000000000000e+00
2.2862240832430225e+00 5.6974225368777298e-01 5.6974225368777298e-01 0.0000000000000000e+00
2.2893688206340030e+00 5.6662689957282031e-01 5.6662689957282042e-01 -1.1102230246251565e-16
2.2925135580249840e+00 5.6350890987343971e-01 5.6350890987343960e-01 1.1102230246251565e-16
2.2956582954159650e+00 5.6038840792908062e-01 5.6038840792908062e-01 0.0000000000000000e+00
2.2988030328069455e+00 5.5726551717857065e-01 5.5726551717857076e-01 -1.1102230246251565e-16
2.3019477701979265e+00 5.5414036115523091e-01 5.5414036115523102e-01 -1.1102230246251565e-16
2.3050925075889070e+00 5.5101306348199230e-01 5.5101306348199242e-01 -1.1102230246251565e-16
2.3082372449798880e+00 5.4788374786650207e-01 5.4788374786650207e-01 0.0000000000000000e+00
2.3113819823708686e+00 5.4475253809623370e-01 5.4475253809623370e-01 0.0000000000000000e+00
2.3145267197618495e+00 5.4161955803358652e-01 5.4161955803358652e-01 0.0000000000000000e+00
2.3176714571528301e+00 5.3848493161099009e-01 5.3848493161099009e-01 0.0000000000000000e+00
2.3208161945438111e+00 5.3534878282599740e-01 5.3534878282599752e-01 -1.1102230246251565e-16
2.3239609319347916e+00 5.3221123573638451e-01 5.3221123573638451e-01 0.0000000000000000e+00
2.3271056693257726e+00 5.2907241445523812e-01 5.2907241445523812e-01 0.0000000000000000e+00
2.3302504067167531e+00 5.2593244314605103e-01 5.2593244314605103e-01 0.0000000000000000e+00
2.3333951441077341e+00 5.2279144601780592e-01 5.2279144601780592e-01 0.0000000000000000e+00
2.3365398814987151e+00 5.1964954732006563e-01 5.1964954732006574e-01 -1.1102230246251565e-16
2.3396846188896956e+00 5.1650687133805706e-01 5.1650687133805706e-01 0.0000000000000000e+00
2.3428293562806766e+00 5.1336354238775250e-01 5.1336354238775261e-01 -1.1102230246251565e-16
2.3459740936716571e+00 5.1021968481095603e-01 5.1021968481095614e-01 -1.1102230246251565e-16
2.3491188310626381e+00 5.0707542297038111e-01 5.0707542297038111e-01 0.0000000000000000e+00
2.3522635684536186e+00 5.0393088124473451e-01 5.0393088124473451e-01 0.0000000000000000e+00
2.3554083058445996e+00 5.0078618402379238e-01 5.0078618402379249e-01 -1.1102230246251565e-16
2.3585530432355801e+00 4.9764145570348428e-01 4.9764145570348439e-01 -1.1102230246251565e-16
2.3616977806265611e+00 4.9449682068096790e-01 4.9449682068096795e-01 -5.5511151231257827e-17
2.3648425180175416e+00 4.9135240334971175e-01 4.9135240334971175e-01 0.0000000000000000e+00
2.3679872554085226e+00 4.8820832809457176e-01 4.8820832809457182e-01 -5.5511151231257827e-17
2.3711319927995032e+00 4.8506471928687395e-01 4.8506471928687395e-01 0.0000000000000000e+00
2.3742767301904841e+00 4.8192170127949080e-01 4.8192170127949074e-01 5.5511151231257827e-17
2.3774214675814651e+00 4.7877939840192585e-01 4.7877939840192596e-01 -1.1102230246251565e-16
2.3805662049724456e+00 4.7563793495539414e-01 4.7563793495539425e-01 -1.1102230246251565e-16
2.3837109423634266e+00 4.7249743520790360e-01 4.7249743520790355e-01 5.5511151231257827e-17
2.3868556797544072e+00 4.6935802338934213e-01 4.6935802338934213e-01 0.0000000000000000e+00
2.3900004171453881e+00 4.6621982368656084e-01 4.6621982368656095e-01 -1.1102230246251565e-16
2.3931451545363687e+00 4.6308296023846440e-01 4.6308296023846440e-01 0.0000000000000000e+00
2.3962898919273496e+00 4.5994755713109658e-01 4.5994755713109664e-01 -5.5511151231257827e-17
2.3994346293183302e+00 4.5681373839273615e-01 4.5681373839273620e-01 -5.5511151231257827e-17
2.4025793667093112e+00 4.5368162798898654e-01 4.5368162798898659e-01 -5.5511151231257827e-17
2.4057241041002917e+00 4.5055134981787548e-01 4.5055134981787553e-01 -5.5511151231257827e-17
2.4088688414912727e+00 4.4742302770495113e-01 4.4742302770495107e-01 5.5511151231257827e-17
2.4120135788822532e+00 4.4429678539838635e-01 4.4429678539838630e-01 5.5511151231257827e-17
2.4151583162732342e+00 4.4117274656408095e-01 4.4117274656408095e-01 0.0000000000000000e+00
2.4183030536642152e+00 4.3805103478077245e-01 4.3805103478077256e-01 -1.1102230246251565e-16
2.4214477910551957e+00 4.3493177353514639e-01 4.3493177353514650e-01 -1.1102230246251565e-16
2.4245925284461767e+00 4.3181508621695014e-01 4.3181508621695008e-01 5.5511151231257827e-17
2.4277372658371572e+00 4.2870109611411489e-01 4.2870109611411494e-01 -5.5511151231257827e-17
2.4308820032281382e+00 4.2558992640787563e-01 4.2558992640787557e-01 5.5511151231257827e-17
2.4340267406191187e+00 4.2248170016790138e-01 4.2248170016790149e-01 -1.1102230246251565e-16
2.4371714780100997e+00 4.1937654034742400e-01 4.1937654034742405e-01 -5.5511151231257827e-17
2.4403162154010802e+00 4.1627456977837729e-01 4.1627456977837729e-01 0.0000000000000000e+00
2.4434609527920612e+00 4.1317591116653501e-01 4.1317591116653501e-01 0.0000000000000000e+00
2.4466056901830417e+00 4.1008068708666046e-01 4.1008068708666051e-01 -5.5511151231257827e-17
2.4497504275740227e+00 4.0698901997765424e-01 4.0698901997765419e-01 5.5511151231257827e-17
2.4528951649650033e+00 4.0390103213771406e-01 4.0390103213771406e-01 0.0000000000000000e+00
2.4560399023559842e+00 4.0081684571949378e-01 4.0081684571949383e-01 -5.5511151231257827e-17
2.4591846397469652e+00 3.9773658272527462e-01 3.9773658272527457e-01 5.5511151231257827e-17
2.4623293771379458e+00 3.9466036500213719e-01 3.9466036500213714e-01 5.5511151231257827e-17
2.4654741145289267e+00 3.9158831423714047e-01 3.9158831423714047e-01 0.0000000000000000e+00
2.4686188519199073e+00 3.8852055195251167e-01 3.8852055195251178e-01 -1.1102230246251565e-16
2.4717635893108882e+00 3.8545719950083512e-01 3.8545719950083507e-01 5.5511151231257827e-17
2.4749083267018688e+00 3.8239837806025534e-01 3.8239837806025528e-01 5.5511151231257827e-17
2.4780530640928498e+00 3.7934420862968049e-01 3.7934420862968049e-01 0.0000000000000000e+00
2.4811978014838303e+00 3.7629481202399917e-01 3.7629481202399917e-01 0.0000000000000000e+00
2.4843425388748113e+00 3.7325030886929778e-01 3.7325030886929783e-01 -5.5511151231257827e-17
2.4874872762657918e+00 3.7021081959809266e-01 3.7021081959809266e-01 0.0000000000000000e+00
2.4906320136567728e+00 3.6717646444456209e-01 3.6717646444456203e-01 5.5511151231257827e-17
2.4937767510477533e+00 3.6414736343979415e-01 3.6414736343979415e-01 0.0000000000000000e+00
2.4969214884387343e+00 3.6112363640703493e-01 3.6112363640703499e-01 -5.5511151231257827e-17
2.5000662258297153e+00 3.5810540295695165e-01 3.5810540295695165e-01 0.0000000000000000e+00
2.5032109632206958e+00 3.5509278248289966e-01 3.5509278248289972e-01 -5.5511151231257827e-17
2.5063557006116768e+00 3.5208589415619895e-01 3.5208589415619884e-01 1.1102230246251565e-16
2.5095004380026573e+00 3.4908485692142199e-01 3.4908485692142188e-01 1.1102230246251565e-16
2.5126451753936383e+00 3.4608978949168623e-01 3.4608978949168623e-01 0.0000000000000000e+00
2.5157899127846188e+00 3.4310081034396100e-01 3.4310081034396100e-01 0.0000000000000000e+00
2.5189346501755998e+00 3.4011803771437749e-01 3.4011803771437749e-01 0.0000000000000000e+00
2.5220793875665803e+00 3.3714158959355506e-01 3.3714158959355511e-01 -5.5511151231257827e-17
2.5252241249575613e+00 3.3417158372193068e-01 3.3417158372193062e-01 5.5511151231257827e-17
2.5283688623485419e+00 3.3120813758510420e-01 3.3120813758510426e-01 -5.5511151231257827e-17
2.5315135997395228e+00 3.2825136840918862e-01 3.2825136840918856e-01 5.5511151231257827e-17
2.5346583371305034e+00 3.2530139315617507e-01 3.2530139315617496e-01 1.1102230246251565e-16
2.5378030745214843e+00 3.2235832851930341e-01 3.2235832851930341e-01 0.0000000000000000e+00
2.5409478119124653e+00 3.1942229091844954e-01 3.1942229091844948e-01 5.5511151231257827e-17
2.5440925493034459e+00 3.1649339649551755e-01 3.1649339649551761e-01 -5.5511151231257827e-17
2.5472372866944268e+00 3.1357176110984575e-01 3.1357176110984575e-01 0.0000000000000000e+00
2.5503820240854074e+00 3.1065750033362527e-01 3.1065750033362527e-01 0.0000000000000000e+00
2.5535267614763884e+00 3.0775072944732562e-01 3.0775072944732557e-01 5.5511151231257827e-17
2.5566714988673689e+00 3.0485156343513764e-01 3.0485156343513753e-01 1.1102230246251565e-16
2.5598162362583499e+00 3.0196011698042180e-01 3.0196011698042169e-01 1.1102230246251565e-16
2.5629609736493304e+00 2.9907650446117484e-01 2.9907650446117484e-01 0.0000000000000000e+00
2.5661057110403114e+00 2.9620083994550206e-01 2.9620083994550211e-01 -5.5511151231257827e-17
2.5692504484312919e+00 2.9333323718710841e-01 2.9333323718710846e-01 -5.5511151231257827e-17
2.5723951858222729e+00 2.9047380962079533e-01 2.9047380962079522e-01 1.1102230246251565e-16
2.5755399232132534e+00 2.8762267035797656e-01 2.8762267035797651e-01 5.5511151231257827e-17
2.5786846606042344e+00 2.8477993218220121e-01 2.8477993218220121e-01 0.0000000000000000e+00
2.5818293979952154e+00 2.8194570754469456e-01 2.8194570754469456e-01 0.0000000000000000e+00
2.5849741353861959e+00 2.7912010855990876e-01 2.7912010855990871e-01 5.5511151231257827e-17
2.5881188727771769e+00 2.7630324700108672e-01 2.7630324700108660e-01 1.1102230246251565e-16
2.5912636101681574e+00 2.7349523429584333e-01 2.7349523429584327e-01 5.5511151231257827e-17
2.5944083475591384e+00 2.7069618152175473e-01 2.7069618152175468e-01 5.5511151231257827e-17
2.5975530849501189e+00 2.6790619940196730e-01 2.6790619940196725e-01 5.5511151231257827e-17
2.6006978223410999e+00 2.6512539830081472e-01 2.6512539830081472e-01 0.0000000000000000e+00
2.6038425597320805e+00 2.6235388821945538e-01 2.6235388821945538e-01 0.0000000000000000e+00
2.6069872971230614e+00 2.5959177879151785e-01 2.5959177879151779e-01 5.5511151231257827e-17
2.6101320345140420e+00 2.5683917927876704e-01 2.5683917927876698e-01 5.5511151231257827e-17
2.6132767719050229e+00 2.5409619856677934e-01 2.5409619856677934e-01 0.0000000000000000e+00
2.6164215092960035e+00 2.5136294516063834e-01 2.5136294516063834e-01 0.0000000000000000e+00
2.6195662466869845e+00 2.4863952718063942e-01 2.4863952718063936e-01 5.5511151231257827e-17
2.6227109840779654e+00 2.4592605235801543e-01 2.4592605235801543e-01 0.0000000000000000e+00
2.6258557214689460e+00 2.4322262803067446e-01 2.4322262803067446e-01 0.0000000000000000e+00
2.6290004588599269e+00 2.4052936113895218e-01 2.4052936113895221e-01 -2.7755575615628914e-17
2.6321451962509075e+00 2.3784635822138447e-01 2.3784635822138445e-01 2.7755575615628914e-17
2.6352899336418885e+00 2.3517372541048989e-01 2.3517372541048989e-01 0.0000000000000000e+00
2.6384346710328690e+00 2.3251156842857448e-01 2.3251156842857451e-01 -2.7755575615628914e-17
2.6415794084238500e+00 2.2985999258354670e-01 2.2985999258354667e-01 2.7755575615628914e-17
2.6447241458148305e+00 2.2721910276475443e-01 2.2721910276475440e-01 2.7755575615628914e-17
2.6478688832058115e+00 2.2458900343883320e-01 2.2458900343883320e-01 0.0000000000000000e+00
2.6510136205967920e+00 2.2196979864557662e-01 2.2196979864557659e-01 2.7755575615628914e-17
2.6541583579877730e+00 2.1936159199381766e-01 2.1936159199381763e-01 2.7755575615628914e-17
2.6573030953787540e+00 2.1676448665733311e-01 2.1676448665733311e-01 0.0000000000000000e+00
2.6604478327697345e+00 2.1417858537076090e-01 2.1417858537076087e-01 2.7755575615628914e-17
2.6635925701607155e+00 2.1160399042553521e-01 2.1160399042553524e-01 -2.7755575615628914e-17
2.6667373075516960e+00 2.0904080366584271e-01 2.0904080366584271e-01 0.0000000000000000e+00
2.6698820449426770e+00 2.0648912648459081e-01 2.0648912648459078e-01 2.7755575615628914e-17
2.6730267823336575e+00 2.0394905981939976e-01 2.0394905981939973e-01 2.7755575615628914e-17
2.6761715197246385e+00 2.0142070414860705e-01 2.0142070414860702e-01 2.7755575615628914e-17
2.6793162571156190e+00 1.9890415948729553e-01 1.9890415948729556e-01 -2.7755575615628914e-17
2.6824609945066000e+00 1.9639952538333430e-01 1.9639952538333430e-01 0.0000000000000000e+00
2.6856057318975806e+00 1.9390690091344356e-01 1.9390690091344354e-01 2.7755575615628914e-17
2.6887504692885615e+00 1.9142638467927256e-01 1.9142638467927259e-01 -2.7755575615628914e-17
2.6918952066795421e+00 1.8895807480350238e-01 1.8895807480350235e-01 2.7755575615628914e-17
2.6950399440705231e+00 1.8650206892596100e-01 1.8650206892596102e-01 -2.7755575615628914e-17
2.6981846814615040e+00 1.8405846419976402e-01 1.8405846419976399e-01 2.7755575615628914e-17
2.7013294188524846e+00 1.8162735728746995e-01 1.8162735728746995e-01 0.0000000000000000e+00
2.7044741562434655e+00 1.7920884435725593e-01 1.7920884435725595e-01 -2.7755575615628914e-17
2.7076188936344461e+00 1.7680302107911564e-01 1.7680302107911564e-01 0.0000000000000000e+00
2.7107636310254271e+00 1.7440998262107224e-01 1.7440998262107227e-01 -2.7755575615628914e-17
2.7139083684164076e+00 1.7202982364541650e-01 1.7202982364541647e-01 2.7755575615628914e-17
2.7170531058073886e+00 1.6966263830495940e-01 1.6966263830495942e-01 -2.7755575615628914e-17
2.7201978431983691e+00 1.6730852023931062e-01 1.6730852023931064e-01 -2.7755575615628914e-17
2.7233425805893501e+00 1.6496756257117148e-01 1.6496756257117151e-01 -2.7755575615628914e-17
2.7264873179803306e+00 1.6263985790265406e-01 1.6263985790265406e-01 0.0000000000000000e+00
2.7296320553713116e+00 1.6032549831161530e-01 1.6032549831161533e-01 -2.7755575615628914e-17
2.7327767927622921e+00 1.5802457534801753e-01 1.5802457534801753e-01 0.0000000000000000e+00
2.7359215301532731e+00 1.5573718003030412e-01 1.5573718003030412e-01 0.0000000000000000e+00
2.7390662675442541e+00 1.5346340284180152e-01 1.5346340284180152e-01 0.0000000000000000e+00
2.7422110049352346e+00 1.5120333372713879e-01 1.5120333372713879e-01 0.0000000000000000e+00
2.7453557423262156e+00 1.4895706208868881e-01 1.4895706208868881e-01 0.0000000000000000e+00
2.7485004797171961e+00 1.4672467678303408e-01 1.4672467678303408e-01 0.0000000000000000e+00
2.7516452171081771e+00 1.4450626611744896e-01 1.4450626611744899e-01 -2.7755575615628914e-17
2.7547899544991576e+00 1.4230191784640930e-01 1.4230191784640933e-01 -2.7755575615628914e-17
2.7579346918901386e+00 1.4011171916811840e-01 1.4011171916811840e-01 0.0000000000000000e+00
2.7610794292811192e+00 1.3793575672106018e-01 1.3793575672106020e-01 -2.7755575615628914e-17
2.7642241666721001e+00 1.3577411658056968e-01 1.3577411658056973e-01 -5.5511151231257827e-17
2.7673689040630807e+00 1.3362688425543046e-01 1.3362688425543046e-01 0.0000000000000000e+00
2.7705136414540616e+00 1.3149414468448956e-01 1.3149414468448956e-01 0.0000000000000000e+00
2.7736583788450422e+00 1.2937598223330024e-01 1.2937598223330027e-01 -2.7755575615628914e-17
2.7768031162360232e+00 1.2727248069078212e-01 1.2727248069078212e-01 0.0000000000000000e+00
2.7799478536270041e+00 1.2518372326590879e-01 1.2518372326590879e-01 0.0000000000000000e+00
2.7830925910179847e+00 1.2310979258441548e-01 1.2310979258441550e-01 -1.3877787807814457e-17
2.7862373284089657e+00 1.2105077068552961e-01 1.2105077068552964e-01 -2.7755575615628914e-17
2.7893820657999462e+00 1.1900673901872770e-01 1.1900673901872773e-01 -2.7755575615628914e-17
2.7925268031909272e+00 1.1697777844051108e-01 1.1697777844051110e-01 -2.7755575615628914e-17
2.7956715405819077e+00 1.1496396921120966e-01 1.1496396921120966e-01 0.0000000000000000e+00
2.7988162779728887e+00 1.1296539099180480e-01 1.1296539099180485e-01 -4.1633363423443370e-17
2.8019610153638692e+00 1.1098212284078050e-01 1.1098212284078053e-01 -2.7755575615628914e-17
2.8051057527548502e+00 1.0901424321099365e-01 1.0901424321099365e-01 0.0000000000000000e+00
2.8082504901458307e+00 1.0706182994657286e-01 1.0706182994657289e-01 -2.7755575615628914e-17
2.8113952275368117e+00 1.0512496027983717e-01 1.0512496027983718e-01 -1.3877787807814457e-17
2.8145399649277922e+00 1.0320371082824288e-01 1.0320371082824288e-01 0.0000000000000000e+00
2.8176847023187732e+00 1.0129815759135068e-01 1.0129815759135072e-01 -4.1633363423443370e-17
2.8208294397097542e+00 9.9408375947821329e-02 9.9408375947821329e-02 0.0000000000000000e+00
2.8239741771007347e+00 9.7534440652432802e-02 9.7534440652432802e-02 0.0000000000000000e+00
2.8271189144917157e+00 9.5676425833122594e-02 9.5676425833122622e-02 -2.7755575615628914e-17
2.8302636518826962e+00 9.3834404988057257e-02 9.3834404988057271e-02 -1.3877787807814457e-17
2.8334083892736772e+00 9.2008450982722811e-02 9.2008450982722811e-02 0.0000000000000000e+00
2.8365531266646578e+00 9.0198636047044478e-02 9.0198636047044492e-02 -1.3877787807814457e-17
2.8396978640556387e+00 8.8405031772527481e-02 8.8405031772527509e-02 -2.7755575615628914e-17
2.8428426014466193e+00 8.6627709109427062e-02 8.6627709109427062e-02 0.0000000000000000e+00
2.8459873388376002e+00 8.4866738363939764e-02 8.4866738363939764e-02 0.0000000000000000e+00
2.8491320762285808e+00 8.3122189195424481e-02 8.3122189195424481e-02 0.0000000000000000e+00
2.8522768136195618e+00 8.1394130613644783e-02 8.1394130613644824e-02 -4.1633363423443370e-17
2.8554215510105423e+00 7.9682630976041197e-02 7.9682630976041210e-02 -1.3877787807814457e-17
2.8585662884015233e+00 7.7987757985025011e-02 7.7987757985024997e-02 1.3877787807814457e-17
2.8617110257925042e+00 7.6309578685301957e-02 7.6309578685301957e-02 0.0000000000000000e+00
2.8648557631834848e+00 7.4648159461219429e-02 7.4648159461219443e-02 -1.3877787807814457e-17
2.8680005005744658e+00 7.3003566034139683e-02 7.3003566034139711e-02 -2.7755575615628914e-17
2.8711452379654463e+00 7.1375863459841787e-02 7.1375863459841801e-02 -1.3877787807814457e-17
2.8742899753564273e+00 6.9765116125946242e-02 6.9765116125946255e-02 -1.3877787807814457e-17
2.8774347127474078e+00 6.8171387749369913e-02 6.8171387749369927e-02 -1.3877787807814457e-17
2.8805794501383888e+00 6.6594741373803681e-02 6.6594741373803681e-02 0.0000000000000000e+00
2.8837241875293693e+00 6.5035239367220402e-02 6.5035239367220402e-02 0.0000000000000000e+00
2.8868689249203503e+00 6.3492943419406034e-02 6.3492943419406048e-02 -1.3877787807814457e-17
2.8900136623113308e+00 6.1967914539521142e-02 6.1967914539521149e-02 -6.9388939039072284e-18
2.8931583997023118e+00 6.0460213053685700e-02 6.0460213053685694e-02 6.9388939039072284e-18
2.8963031370932923e+00 5.8969898602594557e-02 5.8969898602594550e-02 6.9388939039072284e-18
2.8994478744842733e+00 5.7497030139156462e-02 5.7497030139156462e-02 0.0000000000000000e+00
2.9025926118752543e+00 5.6041665926163560e-02 5.6041665926163553e-02 6.9388939039072284e-18
2.9057373492662348e+00 5.4603863533985976e-02 5.4603863533985969e-02 6.9388939039072284e-18
2.9088820866572158e+00 5.3183679838293946e-02 5.3183679838293939e-02 6.9388939039072284e-18
2.9120268240481963e+00 5.1781171017809303e-02 5.1781171017809297e-02 6.9388939039072284e-18
2.9151715614391773e+00 5.0396392552081684e-02 5.0396392552081677e-02 6.9388939039072284e-18
2.9183162988301579e+00 4.9029399219295403e-02 4.9029399219295403e-02 0.0000000000000000e+00
2.9214610362211388e+00 4.7680245094101063e-02 4.7680245094101056e-02 6.9388939039072284e-18
2.9246057736121194e+00 4.6348983545478020e-02 4.6348983545477999e-02 2.0816681711721685e-17
2.9277505110031004e+00 4.5035667234621726e-02 4.5035667234621719e-02 6.9388939039072284e-18
2.9308952483940809e+00 4.3740348112862135e-02 4.3740348112862121e-02 1.3877787807814457e-17
2.9340399857850619e+00 4.2463077419607087e-02 4.2463077419607080e-02 6.9388939039072284e-18
2.9371847231760424e+00 4.1203905680316948e-02 4.1203905680316934e-02 1.3877787807814457e-17
2.9403294605670234e+00 3.9962882704504460e-02 3.9962882704504460e-02 0.0000000000000000e+00
2.9434741979580044e+00 3.8740057583765711e-02 3.8740057583765697e-02 1.3877787807814457e-17
2.9466189353489849e+00 3.7535478689837587e-02 3.7535478689837580e-02 6.9388939039072284e-18
2.9497636727399659e+00 3.6349193672683903e-02 3.6349193672683897e-02 6.9388939039072284e-18
2.9529084101309464e+00 3.5181249458611584e-02 3.5181249458611577e-02 6.9388939039072284e-18
2.9560531475219274e+00 3.4031692248413112e-02 3.4031692248413105e-02 6.9388939039072284e-18
2.9591978849129079e+00 3.2900567515540248e-02 3.2900567515540241e-02 6.9388939039072284e-18
2.9623426223038889e+00 3.1787920004303916e-02 3.1787920004303916e-02 0.0000000000000000e+00
2.9654873596948694e+00 3.0693793728105514e-02 3.0693793728105507e-02 6.9388939039072284e-18
2.9686320970858504e+00 2.9618231967694600e-02 2.9618231967694593e-02 6.9388939039072284e-18
2.9717768344768309e+00 2.8561277269458084e-02 2.8561277269458077e-02 6.9388939039072284e-18
2.9749215718678119e+00 2.7522971443735937e-02 2.7522971443735934e-02 3.4694469519536142e-18
2.9780663092587925e+00 2.6503355563168539e-02 2.6503355563168539e-02 0.0000000000000000e+00
2.9812110466497734e+00 2.5502469961070733e-02 2.5502469961070726e-02 6.9388939039072284e-18
2.9843557840407544e+00 2.4520354229837376e-02 2.4520354229837373e-02 3.4694469519536142e-18
2.9875005214317349e+00 2.3557047219376730e-02 2.3557047219376723e-02 6.9388939039072284e-18
2.9906452588227159e+00 2.2612587035573267e-02 2.2612587035573267e-02 0.0000000000000000e+00
2.9937899962136965e+00 2.1687011038781238e-02 2.1687011038781238e-02 0.0000000000000000e+00
2.9969347336046774e+00 2.0780355842345728e-02 2.0780355842345728e-02 0.0000000000000000e+00
3.0000794709956580e+00 1.9892657311155384e-02 1.9892657311155387e-02 -3.4694469519536142e-18
3.0032242083866389e+00 1.9023950560222668e-02 1.9023950560222672e-02 -3.4694469519536142e-18
3.0063689457776195e+00 1.8174269953295793e-02 1.8174269953295793e-02 0.0000000000000000e+00
3.0095136831686005e+00 1.7343649101498396e-02 1.7343649101498399e-02 -3.4694469519536142e-18
3.0126584205595810e+00 1.6532120862000978e-02 1.6532120862000978e-02 0.0000000000000000e+00
3.0158031579505620e+00 1.5739717336720152e-02 1.5739717336720152e-02 0.0000000000000000e+00
3.0189478953415430e+00 1.4966469871049637e-02 1.4966469871049638e-02 -1.7347234759768071e-18
3.0220926327325235e+00 1.4212409052619945e-02 1.4212409052619951e-02 -5.2041704279304213e-18
3.0252373701235045e+00 1.3477564710088111e-02 1.3477564710088112e-02 -1.7347234759768071e-18
3.0283821075144850e+00 1.2761965911958472e-02 1.2761965911958476e-02 -3.4694469519536142e-18
3.0315268449054660e+00 1.2065640965431987e-02 1.2065640965431990e-02 -3.4694469519536142e-18
3.0346715822964465e+00 1.1388617415287275e-02 1.1388617415287274e-02 1.7347234759768071e-18
3.0378163196874275e+00 1.0730922042790223e-02 1.0730922042790225e-02 -1.7347234759768071e-18
3.0409610570784080e+00 1.0092580864635374e-02 1.0092580864635376e-02 -1.7347234759768071e-18
3.0441057944693890e+00 9.4736191319160154e-03 9.4736191319160154e-03 0.0000000000000000e+00
3.0472505318603695e+00 8.8740613291260362e-03 8.8740613291260362e-03 0.0000000000000000e+00
3.0503952692513505e+00 8.2939311731906971e-03 8.2939311731906953e-03 1.7347234759768071e-18
3.0535400066423311e+00 7.7332516125291099e-03 7.7332516125291090e-03 8.6736173798840355e-19
3.0566847440333120e+00 7.1920448261458209e-03 7.1920448261458200e-03 8.6736173798840355e-19
3.0598294814242930e+00 6.6703322227540203e-03 6.6703322227540168e-03 3.4694469519536142e-18
3.0629742188152735e+00 6.1681344399284188e-03 6.1681344399284153e-03 3.4694469519536142e-18
3.0661189562062545e+00 5.6854713432886832e-03 5.6854713432886797e-03 3.4694469519536142e-18
3.0692636935972351e+00 5.2223620257140944e-03 5.2223620257140909e-03 3.4694469519536142e-18
3.0724084309882160e+00 4.7788248065877351e-03 4.7788248065877325e-03 2.6020852139652106e-18
3.0755531683791966e+00 4.3548772310723497e-03 4.3548772310723471e-03 2.6020852139652106e-18
3.0786979057701775e+00 3.9505360694158005e-03 3.9505360694157988e-03 1.7347234759768071e-18
3.0818426431611581e+00 3.5658173162881608e-03 3.5658173162881595e-03 1.3010426069826053e-18
3.0849873805521391e+00 3.2007361901485519e-03 3.2007361901485510e-03 8.6736173798840355e-19
3.0881321179431196e+00 2.8553071326435741e-03 2.8553071326435733e-03 8.6736173798840355e-19
3.0912768553341006e+00 2.5295438080356210e-03 2.5295438080356210e-03 0.0000000000000000e+00
3.0944215927250811e+00 2.2234591026627495e-03 2.2234591026627499e-03 -4.3368086899420177e-19
3.0975663301160621e+00 1.9370651244285603e-03 1.9370651244285610e-03 -6.5052130349130266e-19
3.1007110675070431e+00 1.6703732023235502e-03 1.6703732023235517e-03 -1.5178830414797062e-18
3.1038558048980236e+00 1.4233938859768279e-03 1.4233938859768292e-03 -1.3010426069826053e-18
3.1070005422890046e+00 1.1961369452387028e-03 1.1961369452387044e-03 -1.5178830414797062e-18
3.1101452796799851e+00 9.8861136979445474e-04 9.8861136979445604e-04 -1.3010426069826053e-18
3.1132900170709661e+00 8.0082536880846859e-04 8.0082536880846978e-04 -1.1926223897340549e-18
3.1164347544619466e+00 6.3278637059973632e-04 6.3278637059973719e-04 -8.6736173798840355e-19
3.1195794918529276e+00 4.8450102234779888e-04 4.8450102234779942e-04 -5.4210108624275222e-19
3.1227242292439081e+00 3.5597518982999213e-04 3.5597518982999229e-04 -1.6263032587282567e-19
3.1258689666348891e+00 2.4721395718924473e-04 2.4721395718924435e-04 3.7947076036992655e-19
3.1290137040258696e+00 1.5822162673310728e-04 1.5822162673310639e-04 8.9446679230054116e-19
3.1321584414168506e+00 8.9001718763442045e-05 8.9001718763440880e-05 1.1655173354219173e-18
3.1353031788078312e+00 3.9556971437269668e-05 3.9556971437268563e-05 1.1045309632196076e-18
3.1384479161988121e+00 9.8893406583764615e-06 9.8893406583760227e-06 4.3876306667772758e-19
3.1415926535897931e+00 1.4997597826618576e-32 1.1146953585866592e-18 -1.1146953585866442e-18
