2 2.5268342279691720e+00 6.6769331373964946e-01 8.0855239951012692e-01 
4 2.4742293170868237e+00 7.2029822462199844e-01 7.5594748862777861e-01 
6 2.4643450009161256e+00 7.3018254079269651e-01 7.4606317245708054e-01 
8 2.4608747231331694e+00 7.3365281857565279e-01 7.4259289467412426e-01 
10 2.4592665807458047e+00 7.3526096096301674e-01 7.4098475228675964e-01 
12 2.4583925170901515e+00 7.3613502461867064e-01 7.4011068863110641e-01 
14 2.4578653123481358e+00 7.3666222936068637e-01 7.3958348388909068e-01 
16 2.4575230669365622e+00 7.3700447477226039e-01 7.3924123847751710e-01 
18 2.4572883930964959e+00 7.3723914861232664e-01 7.3900656463745085e-01 
20 2.4571205165490686e+00 7.3740702515975398e-01 7.3883868809002351e-01 
22 2.4569962984438112e+00 7.3753124326501118e-01 7.3871446998476609e-01 
24 2.4569018155776039e+00 7.3762572613121824e-01 7.3861998711855881e-01 
26 2.4568282828148336e+00 7.3769925889398924e-01 7.3854645435578847e-01 
28 2.4567699350273449e+00 7.3775760668147727e-01 7.3848810656829977e-01 
30 2.4567228618546362e+00 7.3780467985418663e-01 7.3844103339559108e-01 
32 2.4566843351444083e+00 7.3784320656441382e-01 7.3840250668536322e-01 
34 2.4566524046259022e+00 7.3787513708292041e-01 7.3837057616685708e-01 
36 2.4566256461752367e+00 7.3790189553358565e-01 7.3834381771619162e-01 
38 2.4566030002390544e+00 7.3792454146976816e-01 7.3832117178000933e-01 
40 2.4565836653170221e+00 7.3794387639180070e-01 7.3830183685797701e-01 
42 2.4565670260602301e+00 7.3796051564859244e-01 7.3828519760118505e-01 
44 2.4565526037015202e+00 7.3797493800730218e-01 7.3827077524247509e-01 
46 2.4565400212287614e+00 7.3798752048006100e-01 7.3825819276971627e-01 
48 2.4565289784947923e+00 7.3799856321403001e-01 7.3824715003574726e-01 
50 2.4565192341512243e+00 7.3800830755759828e-01 7.3823740569217922e-01 
52 2.4565105923488502e+00 7.3801694935997242e-01 7.3822876388980507e-01 
54 2.4565028928197448e+00 7.3802464888907782e-01 7.3822106436069967e-01 
56 2.4564960033928975e+00 7.3803153831592461e-01 7.3821417493385244e-01 
58 2.4564898142841449e+00 7.3803772742467744e-01 7.3820798582509983e-01 
60 2.4564842336954742e+00 7.3804330801334861e-01 7.3820240523642910e-01 
62 2.4564791843914677e+00 7.3804835731735507e-01 7.3819735593242264e-01 
64 2.4564746010125749e+00 7.3805294069624772e-01 7.3819277255352977e-01 
66 2.4564704279493870e+00 7.3805711375943539e-01 7.3818859949034188e-01 
68 2.4564666176479331e+00 7.3806092406088974e-01 7.3818478918888797e-01 
70 2.4564631292489314e+00 7.3806441245989118e-01 7.3818130078988631e-01 
72 2.4564599274878565e+00 7.3806761422096567e-01 7.3817809902881137e-01 
74 2.4564569818002076e+00 7.3807055990861525e-01 7.3817515334116246e-01 
76 2.4564542655893686e+00 7.3807327611945373e-01 7.3817243713032354e-01 
78 2.4564517556241579e+00 7.3807578608466495e-01 7.3816992716511276e-01 
80 2.4564494315404435e+00 7.3807811016837910e-01 7.3816760308139839e-01 
82 2.4564472754267954e+00 7.3808026628202716e-01 7.3816544696775033e-01 
84 2.4564452714783491e+00 7.3808227023047346e-01 7.3816344301930403e-01 
86 2.4564434057063487e+00 7.3808413600247413e-01 7.3816157724730358e-01 
88 2.4564416656933576e+00 7.3808587601546471e-01 7.3815983723431255e-01 
90 2.4564400403861231e+00 7.3808750132269973e-01 7.3815821192707798e-01 
92 2.4564385199196019e+00 7.3808902178922020e-01 7.3815669146055685e-01 
94 2.4564370954669195e+00 7.3809044624190334e-01 7.3815526700787437e-01 
96 2.4564357591109682e+00 7.3809178259785435e-01 7.3815393065192314e-01 
98 2.4564345037341671e+00 7.3809303797465575e-01 7.3815267527512196e-01 
100 2.4564333229234898e+00 7.3809421878533232e-01 7.3815149446444472e-01 
102 2.4564322108884031e+00 7.3809533082041967e-01 7.3815038242935804e-01 
104 2.4564311623897397e+00 7.3809637931908312e-01 7.3814933393069460e-01 
106 2.4564301726778792e+00 7.3809736903094292e-01 7.3814834421883413e-01 
108 2.4564292374388654e+00 7.3809830426995693e-01 7.3814740897982034e-01 
110 2.4564283527473143e+00 7.3809918896150850e-01 7.3814652428826921e-01 
112 2.4564275150251604e+00 7.3810002668366170e-01 7.3814568656611534e-01 
114 2.4564267210054238e+00 7.3810082070339877e-01 7.3814489254637872e-01 
116 2.4564259677003064e+00 7.3810157400851595e-01 7.3814413924126132e-01 
118 2.4564252523730459e+00 7.3810228933577671e-01 7.3814342391400078e-01 
120 2.4564245725130256e+00 7.3810296919579699e-01 7.3814274405398050e-01 
122 2.4564239258137128e+00 7.3810361589510931e-01 7.3814209735466774e-01 
124 2.4564233101530726e+00 7.3810423155575000e-01 7.3814148169402749e-01 
126 2.4564227235761344e+00 7.3810481813268791e-01 7.3814089511708936e-01 
128 2.4564221642794584e+00 7.3810537742936422e-01 7.3814033582041327e-01 
130 2.4564216305972506e+00 7.3810591111157220e-01 7.3813980213820551e-01 
132 2.4564211209889510e+00 7.3810642071987109e-01 7.3813929252990595e-01 
134 2.4564206340281016e+00 7.3810690768072051e-01 7.3813880556905653e-01 
136 2.4564201683923534e+00 7.3810737331646914e-01 7.3813833993330835e-01 
138 2.4564197228544775e+00 7.3810781885434507e-01 7.3813789439543243e-01 
140 2.4564192962742735e+00 7.3810824543454867e-01 7.3813746781522838e-01 
142 2.4564188875912691e+00 7.3810865411755322e-01 7.3813705913222405e-01 
144 2.4564184958181174e+00 7.3810904589070514e-01 7.3813666735907235e-01 
146 2.4564181200346318e+00 7.3810942167419036e-01 7.3813629157558669e-01 
148 2.4564177593823784e+00 7.3810978232644420e-01 7.3813593092333329e-01 
150 2.4564174130597651e+00 7.3811012864905701e-01 7.3813558460072004e-01 
152 2.4564170803175904e+00 7.3811046139123238e-01 7.3813525185854534e-01 
154 2.4564167604549798e+00 7.3811078125384277e-01 7.3813493199593472e-01 
156 2.4564164528156986e+00 7.3811108889312416e-01 7.3813462435665356e-01 
158 2.4564161567847820e+00 7.3811138492404083e-01 7.3813432832573689e-01 
160 2.4564158717854561e+00 7.3811166992336674e-01 7.3813404332641097e-01 
162 2.4564155972763304e+00 7.3811194443249195e-01 7.3813376881728532e-01 
164 2.4564153327488247e+00 7.3811220895999807e-01 7.3813350428977964e-01 
166 2.4564150777248068e+00 7.3811246398401553e-01 7.3813324926576174e-01 
168 2.4564148317544374e+00 7.3811270995438472e-01 7.3813300329539233e-01 
170 2.4564145944141802e+00 7.3811294729464216e-01 7.3813276595513511e-01 
172 2.4564143653049788e+00 7.3811317640384333e-01 7.3813253684593372e-01 
174 2.4564141440505787e+00 7.3811339765824369e-01 7.3813231559153358e-01 
176 2.4564139302959820e+00 7.3811361141284082e-01 7.3813210183693689e-01 
178 2.4564137237060200e+00 7.3811381800280285e-01 7.3813189524697487e-01 
180 2.4564135239640414e+00 7.3811401774478069e-01 7.3813169550499635e-01 
182 2.4564133307706979e+00 7.3811421093812424e-01 7.3813150231165281e-01 
184 2.4564131438428194e+00 7.3811439786600275e-01 7.3813131538377430e-01 
186 2.4564129629123790e+00 7.3811457879644382e-01 7.3813113445333389e-01 
188 2.4564127877255300e+00 7.3811475398329285e-01 7.3813095926648487e-01 
190 2.4564126180417150e+00 7.3811492366710785e-01 7.3813078958266987e-01 
192 2.4564124536328391e+00 7.3811508807598347e-01 7.3813062517379402e-01 
194 2.4564122942825062e+00 7.3811524742631662e-01 7.3813046582346109e-01 
196 2.4564121397853018e+00 7.3811540192352076e-01 7.3813031132625673e-01 
198 2.4564119899461359e+00 7.3811555176268695e-01 7.3813016148709076e-01 
200 2.4564118445796201e+00 7.3811569712920266e-01 7.3813001612057505e-01 
202 2.4564117035095014e+00 7.3811583819932136e-01 7.3812987505045635e-01 
204 2.4564115665681219e+00 7.3811597514070026e-01 7.3812973810907678e-01 
206 2.4564114335959242e+00 7.3811610811289818e-01 7.3812960513687909e-01 
208 2.4564113044409845e+00 7.3811623726783804e-01 7.3812947598193945e-01 
210 2.4564111789585787e+00 7.3811636275024406e-01 7.3812935049953365e-01 
212 2.4564110570107753e+00 7.3811648469804747e-01 7.3812922855173024e-01 
214 2.4564109384660600e+00 7.3811660324276263e-01 7.3812911000701487e-01 
216 2.4564108231989787e+00 7.3811671850984406e-01 7.3812899473993365e-01 
218 2.4564107110898048e+00 7.3811683061901734e-01 7.3812888263075971e-01 
220 2.4564106020242287e+00 7.3811693968459346e-01 7.3812877356518358e-01 
222 2.4564104958930679e+00 7.3811704581575488e-01 7.3812866743402283e-01 
224 2.4564103925919905e+00 7.3811714911683191e-01 7.3812856413294536e-01 
226 2.4564102920212614e+00 7.3811724968756076e-01 7.3812846356221629e-01 
228 2.4564101940855014e+00 7.3811734762332137e-01 7.3812836562645634e-01 
230 2.4564100986934583e+00 7.3811744301536386e-01 7.3812827023441319e-01 
232 2.4564100057577973e+00 7.3811753595102481e-01 7.3812817729875224e-01 
234 2.4564099151949006e+00 7.3811762651392221e-01 7.3812808673585550e-01 
236 2.4564098269246752e+00 7.3811771478414712e-01 7.3812799846563015e-01 
238 2.4564097408703840e+00 7.3811780083843814e-01 7.3812791241133890e-01 
240 2.4564096569584701e+00 7.3811788475035223e-01 7.3812782849942504e-01 
242 2.4564095751184047e+00 7.3811796659041762e-01 7.3812774665935965e-01 
244 2.4564094952825375e+00 7.3811804642628509e-01 7.3812766682349240e-01 
246 2.4564094173859576e+00 7.3811812432286517e-01 7.3812758892691255e-01 
248 2.4564093413663595e+00 7.3811820034246289e-01 7.3812751290731438e-01 
250 2.4564092671639224e+00 7.3811827454490042e-01 7.3812743870487729e-01 
252 2.4564091947211866e+00 7.3811834698763557e-01 7.3812736626214148e-01 
254 2.4564091239829482e+00 7.3811841772587394e-01 7.3812729552390310e-01 
256 2.4564090548961501e+00 7.3811848681267223e-01 7.3812722643710504e-01 
258 2.4564089874097843e+00 7.3811855429903805e-01 7.3812715895073922e-01 
260 2.4564089214747966e+00 7.3811862023402597e-01 7.3812709301575152e-01 
262 2.4564088570439973e+00 7.3811868466482511e-01 7.3812702858495216e-01 
264 2.4564087940719794e+00 7.3811874763684271e-01 7.3812696561293434e-01 
266 2.4564087325150341e+00 7.3811880919378847e-01 7.3812690405598902e-01 
268 2.4564086723310785e+00 7.3811886937774385e-01 7.3812684387203342e-01 
270 2.4564086134795833e+00 7.3811892822923908e-01 7.3812678502053819e-01 
272 2.4564085559215028e+00 7.3811898578732005e-01 7.3812672746245767e-01 
274 2.4564084996192106e+00 7.3811904208961177e-01 7.3812667116016550e-01 
276 2.4564084445364398e+00 7.3811909717238255e-01 7.3812661607739471e-01 
278 2.4564083906382232e+00 7.3811915107059911e-01 7.3812656217917816e-01 
280 2.4564083378908372e+00 7.3811920381798557e-01 7.3812650943179214e-01 
282 2.4564082862617505e+00 7.3811925544707235e-01 7.3812645780270536e-01 
284 2.4564082357195720e+00 7.3811930598925080e-01 7.3812640726052692e-01 
286 2.4564081862340066e+00 7.3811935547481555e-01 7.3812635777496149e-01 
288 2.4564081377758047e+00 7.3811940393301789e-01 7.3812630931675960e-01 
290 2.4564080903167249e+00 7.3811945139209789e-01 7.3812626185767982e-01 
292 2.4564080438294869e+00 7.3811949787933551e-01 7.3812621537044176e-01 
294 2.4564079982877369e+00 7.3811954342108543e-01 7.3812616982869184e-01 
296 2.4564079536660062e+00 7.3811958804281597e-01 7.3812612520696108e-01 
298 2.4564079099396809e+00 7.3811963176914186e-01 7.3812608148063585e-01 
300 2.4564078670849629e+00 7.3811967462385963e-01 7.3812603862591786e-01 
302 2.4564078250788399e+00 7.3811971662998266e-01 7.3812599661979483e-01 
304 2.4564077838990546e+00 7.3811975780976824e-01 7.3812595544000947e-01 
306 2.4564077435240725e+00 7.3811979818474982e-01 7.3812591506502745e-01 
308 2.4564077039330598e+00 7.3811983777576273e-01 7.3812587547401476e-01 
310 2.4564076651058495e+00 7.3811987660297329e-01 7.3812583664680442e-01 
312 2.4564076270229194e+00 7.3811991468590299e-01 7.3812579856387428e-01 
314 2.4564075896653685e+00 7.3811995204345426e-01 7.3812576120632345e-01 
316 2.4564075530148894e+00 7.3811998869393314e-01 7.3812572455584435e-01 
318 2.4564075170537527e+00 7.3812002465506965e-01 7.3812568859470762e-01 
320 2.4564074817647770e+00 7.3812005994404584e-01 7.3812565330573188e-01 
322 2.4564074471313142e+00 7.3812009457750860e-01 7.3812561867226911e-01 
324 2.4564074131372302e+00 7.3812012857159237e-01 7.3812558467818512e-01 
326 2.4564073797668833e+00 7.3812016194193930e-01 7.3812555130783819e-01 
328 2.4564073470051047e+00 7.3812019470371770e-01 7.3812551854605957e-01 
330 2.4564073148371883e+00 7.3812022687163381e-01 7.3812548637814324e-01 
332 2.4564072832488661e+00 7.3812025845995599e-01 7.3812545478982106e-01 
334 2.4564072522262981e+00 7.3812028948252406e-01 7.3812542376725299e-01 
336 2.4564072217560531e+00 7.3812031995276906e-01 7.3812539329700799e-01 
338 2.4564071918250989e+00 7.3812034988372388e-01 7.3812536336605383e-01 
340 2.4564071624207813e+00 7.3812037928804153e-01 7.3812533396173619e-01 
342 2.4564071335308197e+00 7.3812040817800284e-01 7.3812530507177465e-01 
344 2.4564071051432852e+00 7.3812043656553694e-01 7.3812527668424011e-01 
346 2.4564070772465958e+00 7.3812046446222634e-01 7.3812524878755070e-01 
348 2.4564070498295005e+00 7.3812049187932227e-01 7.3812522137045544e-01 
350 2.4564070228810677e+00 7.3812051882775465e-01 7.3812519442202262e-01 
352 2.4564069963906769e+00 7.3812054531814542e-01 7.3812516793163185e-01 
354 2.4564069703480054e+00 7.3812057136081743e-01 7.3812514188896028e-01 
356 2.4564069447430210e+00 7.3812059696580135e-01 7.3812511628397592e-01 
358 2.4564069195659708e+00 7.3812062214285201e-01 7.3812509110692570e-01 
360 2.4564068948073707e+00 7.3812064690145207e-01 7.3812506634832564e-01 
362 2.4564068704579989e+00 7.3812067125082392e-01 7.3812504199895379e-01 
364 2.4564068465088877e+00 7.3812069519993484e-01 7.3812501804984265e-01 
366 2.4564068229513101e+00 7.3812071875751273e-01 7.3812499449226499e-01 
368 2.4564067997767784e+00 7.3812074193204436e-01 7.3812497131773336e-01 
370 2.4564067769770332e+00 7.3812076473178956e-01 7.3812494851798816e-01 
372 2.4564067545440360e+00 7.3812078716478680e-01 7.3812492608499092e-01 
374 2.4564067324699641e+00 7.3812080923885870e-01 7.3812490401091901e-01 
376 2.4564067107471983e+00 7.3812083096162384e-01 7.3812488228815321e-01 
378 2.4564066893683267e+00 7.3812085234049585e-01 7.3812486090928164e-01 
380 2.4564066683261259e+00 7.3812087338269694e-01 7.3812483986708077e-01 
382 2.4564066476135653e+00 7.3812089409525750e-01 7.3812481915452022e-01 
384 2.4564066272237941e+00 7.3812091448502848e-01 7.3812479876474901e-01 
386 2.4564066071501411e+00 7.3812093455868122e-01 7.3812477869109605e-01 
388 2.4564065873861045e+00 7.3812095432271829e-01 7.3812475892705942e-01 
390 2.4564065679253488e+00 7.3812097378347352e-01 7.3812473946630375e-01 
392 2.4564065487617013e+00 7.3812099294712152e-01 7.3812472030265619e-01 
394 2.4564065298891444e+00 7.3812101181967793e-01 7.3812470143009934e-01 
396 2.4564065113018136e+00 7.3812103040700916e-01 7.3812468284276855e-01 
398 2.4564064929939886e+00 7.3812104871483397e-01 7.3812466453494352e-01 
400 2.4564064749600929e+00 7.3812106674872968e-01 7.3812464650104781e-01 
402 2.4564064571946900e+00 7.3812108451413216e-01 7.3812462873564488e-01 
404 2.4564064396924752e+00 7.3812110201634740e-01 7.3812461123343009e-01 
406 2.4564064224482767e+00 7.3812111926054569e-01 7.3812459398923158e-01 
408 2.4564064054570478e+00 7.3812113625177456e-01 7.3812457699800271e-01 
410 2.4564063887138632e+00 7.3812115299495917e-01 7.3812456025481810e-01 
412 2.4564063722139191e+00 7.3812116949490347e-01 7.3812454375487402e-01 
414 2.4564063559525269e+00 7.3812118575629571e-01 7.3812452749348179e-01 
416 2.4564063399251088e+00 7.3812120178371332e-01 7.3812451146606373e-01 
418 2.4564063241271983e+00 7.3812121758162386e-01 7.3812449566815319e-01 
420 2.4564063085544356e+00 7.3812123315438716e-01 7.3812448009539056e-01 
422 2.4564062932025608e+00 7.3812124850626182e-01 7.3812446474351567e-01 
424 2.4564062780674165e+00 7.3812126364140607e-01 7.3812444960837142e-01 
426 2.4564062631449421e+00 7.3812127856388043e-01 7.3812443468589706e-01 
428 2.4564062484311724e+00 7.3812129327764975e-01 7.3812441997212730e-01 
430 2.4564062339222326e+00 7.3812130778659002e-01 7.3812440546318747e-01 
432 2.4564062196143386e+00 7.3812132209448378e-01 7.3812439115529349e-01 
434 2.4564062055037952e+00 7.3812133620502740e-01 7.3812437704475009e-01 
436 2.4564061915869861e+00 7.3812135012183666e-01 7.3812436312794105e-01 
438 2.4564061778603836e+00 7.3812136384843874e-01 7.3812434940133853e-01 
440 2.4564061643205357e+00 7.3812137738828709e-01 7.3812433586149062e-01 
442 2.4564061509640700e+00 7.3812139074475214e-01 7.3812432250502491e-01 
444 2.4564061377876909e+00 7.3812140392113146e-01 7.3812430932864581e-01 
446 2.4564061247881748e+00 7.3812141692064803e-01 7.3812429632912968e-01 
448 2.4564061119623699e+00 7.3812142974645290e-01 7.3812428350332482e-01 
450 2.4564060993071957e+00 7.3812144240162691e-01 7.3812427084815058e-01 
452 2.4564060868196380e+00 7.3812145488918457e-01 7.3812425836059292e-01 
454 2.4564060744967509e+00 7.3812146721207195e-01 7.3812424603770577e-01 
456 2.4564060623356503e+00 7.3812147937317185e-01 7.3812423387660520e-01 
458 2.4564060503335172e+00 7.3812149137530492e-01 7.3812422187447213e-01 
460 2.4564060384875939e+00 7.3812150322122871e-01 7.3812421002854878e-01 
462 2.4564060267951802e+00 7.3812151491364220e-01 7.3812419833613507e-01 
464 2.4564060152536351e+00 7.3812152645518725e-01 7.3812418679459002e-01 
466 2.4564060038603750e+00 7.3812153784844736e-01 7.3812417540132991e-01 
468 2.4564059926128698e+00 7.3812154909595273e-01 7.3812416415382476e-01 
470 2.4564059815086439e+00 7.3812156020017894e-01 7.3812415304959877e-01 
472 2.4564059705452737e+00 7.3812157116354915e-01 7.3812414208622856e-01 
474 2.4564059597203864e+00 7.3812158198843592e-01 7.3812413126134135e-01 
476 2.4564059490316614e+00 7.3812159267716093e-01 7.3812412057261634e-01 
478 2.4564059384768240e+00 7.3812160323199838e-01 7.3812411001777889e-01 
480 2.4564059280536465e+00 7.3812161365517603e-01 7.3812409959460146e-01 
482 2.4564059177599487e+00 7.3812162394887371e-01 7.3812408930090356e-01 
484 2.4564059075935951e+00 7.3812163411522702e-01 7.3812407913455003e-01 
486 2.4564058975524938e+00 7.3812164415632830e-01 7.3812406909344874e-01 
488 2.4564058876345949e+00 7.3812165407422792e-01 7.3812405917554980e-01 
490 2.4564058778378914e+00 7.3812166387093070e-01 7.3812404937884635e-01 
492 2.4564058681604175e+00 7.3812167354840530e-01 7.3812403970137241e-01 
494 2.4564058586002449e+00 7.3812168310857773e-01 7.3812403014119976e-01 
496 2.4564058491554870e+00 7.3812169255333582e-01 7.3812402069644190e-01 
498 2.4564058398242916e+00 7.3812170188453052e-01 7.3812401136524652e-01 
500 2.4564058306048477e+00 7.3812171110397462e-01 7.3812400214580265e-01 
502 2.4564058214953759e+00 7.3812172021344669e-01 7.3812399303633081e-01 
504 2.4564058124941348e+00 7.3812172921468755e-01 7.3812398403508972e-01 
506 2.4564058035994165e+00 7.3812173810940607e-01 7.3812397514037142e-01 
508 2.4564057948095477e+00 7.3812174689927490e-01 7.3812396635050259e-01 
510 2.4564057861228856e+00 7.3812175558593696e-01 7.3812395766384054e-01 
512 2.4564057775378210e+00 7.3812176417100117e-01 7.3812394907877588e-01 
514 2.4564057690527767e+00 7.3812177265604539e-01 7.3812394059373165e-01 
516 2.4564057606662040e+00 7.3812178104261839e-01 7.3812393220715888e-01 
518 2.4564057523765861e+00 7.3812178933223649e-01 7.3812392391754100e-01 
520 2.4564057441824332e+00 7.3812179752638962e-01 7.3812391572338809e-01 
522 2.4564057360822846e+00 7.3812180562653773e-01 7.3812390762323954e-01 
524 2.4564057280747096e+00 7.3812181363411256e-01 7.3812389961566449e-01 
526 2.4564057201583012e+00 7.3812182155052120e-01 7.3812389169925607e-01 
528 2.4564057123316827e+00 7.3812182937714010e-01 7.3812388387263761e-01 
530 2.4564057045934988e+00 7.3812183711532375e-01 7.3812387613445374e-01 
532 2.4564056969424239e+00 7.3812184476639886e-01 7.3812386848337885e-01 
534 2.4564056893771546e+00 7.3812185233166772e-01 7.3812386091810955e-01 
536 2.4564056818964142e+00 7.3812185981240841e-01 7.3812385343736908e-01 
538 2.4564056744989462e+00 7.3812186720987660e-01 7.3812384603990111e-01 
540 2.4564056671835197e+00 7.3812187452530242e-01 7.3812383872447462e-01 
542 2.4564056599489263e+00 7.3812188175989601e-01 7.3812383148988125e-01 
544 2.4564056527939795e+00 7.3812188891484265e-01 7.3812382433493440e-01 
546 2.4564056457175152e+00 7.3812189599130695e-01 7.3812381725847009e-01 
548 2.4564056387183881e+00 7.3812190299043445e-01 7.3812381025934304e-01 
550 2.4564056317954757e+00 7.3812190991334647e-01 7.3812380333643057e-01 
552 2.4564056249476769e+00 7.3812191676114569e-01 7.3812379648863180e-01 
554 2.4564056181739078e+00 7.3812192353491457e-01 7.3812378971486270e-01 
556 2.4564056114731057e+00 7.3812193023571671e-01 7.3812378301406056e-01 
558 2.4564056048442255e+00 7.3812193686459726e-01 7.3812377638518045e-01 
560 2.4564055982862416e+00 7.3812194342258053e-01 7.3812376982719652e-01 
562 2.4564055917981475e+00 7.3812194991067481e-01 7.3812376333910246e-01 
564 2.4564055853789539e+00 7.3812195632986866e-01 7.3812375691990884e-01 
566 2.4564055790276873e+00 7.3812196268113484e-01 7.3812375056864221e-01 
568 2.4564055727433942e+00 7.3812196896542837e-01 7.3812374428434913e-01 
570 2.4564055665251341e+00 7.3812197518368827e-01 7.3812373806608900e-01 
572 2.4564055603719872e+00 7.3812198133683538e-01 7.3812373191294212e-01 
574 2.4564055542830463e+00 7.3812198742577628e-01 7.3812372582400121e-01 
576 2.4564055482574219e+00 7.3812199345140095e-01 7.3812371979837677e-01 
578 2.4564055422942390e+00 7.3812199941458378e-01 7.3812371383519393e-01 
580 2.4564055363926371e+00 7.3812200531618544e-01 7.3812370793359205e-01 
582 2.4564055305517734e+00 7.3812201115704901e-01 7.3812370209272826e-01 
584 2.4564055247708145e+00 7.3812201693800761e-01 7.3812369631176944e-01 
586 2.4564055190489449e+00 7.3812202265987725e-01 7.3812369058989979e-01 
588 2.4564055133853624e+00 7.3812202832345997e-01 7.3812368492631730e-01 
590 2.4564055077792797e+00 7.3812203392954312e-01 7.3812367932023459e-01 
592 2.4564055022299183e+00 7.3812203947890387e-01 7.3812367377087318e-01 
594 2.4564054967365161e+00 7.3812204497230671e-01 7.3812366827747100e-01 
596 2.4564054912983249e+00 7.3812205041049772e-01 7.3812366283927977e-01 
598 2.4564054859146052e+00 7.3812205579421719e-01 7.3812365745556008e-01 
600 2.4564054805846331e+00 7.3812206112418943e-01 7.3812365212558806e-01 
602 2.4564054753076952e+00 7.3812206640112765e-01 7.3812364684865006e-01 
604 2.4564054700830908e+00 7.3812207162573129e-01 7.3812364162404576e-01 
606 2.4564054649101292e+00 7.3812207679869313e-01 7.3812363645108414e-01 
608 2.4564054597881326e+00 7.3812208192068951e-01 7.3812363132908754e-01 
610 2.4564054547164340e+00 7.3812208699238835e-01 7.3812362625738892e-01 
612 2.4564054496943770e+00 7.3812209201444556e-01 7.3812362123533193e-01 
614 2.4564054447213142e+00 7.3812209698750797e-01 7.3812361626226908e-01 
616 2.4564054397966126e+00 7.3812210191221017e-01 7.3812361133756754e-01 
618 2.4564054349196467e+00 7.3812210678917611e-01 7.3812360646060160e-01 
620 2.4564054300898008e+00 7.3812211161902153e-01 7.3812360163075574e-01 
622 2.4564054253064698e+00 7.3812211640235303e-01 7.3812359684742468e-01 
624 2.4564054205690580e+00 7.3812212113976461e-01 7.3812359211001288e-01 
626 2.4564054158769801e+00 7.3812212583184200e-01 7.3812358741793505e-01 
628 2.4564054112296612e+00 7.3812213047916142e-01 7.3812358277061607e-01 
630 2.4564054066265308e+00 7.3812213508229130e-01 7.3812357816748575e-01 
632 2.4564054020670318e+00 7.3812213964179074e-01 7.3812357360798675e-01 
634 2.4564053975506144e+00 7.3812214415820820e-01 7.3812356909156929e-01 
636 2.4564053930767384e+00 7.3812214863208392e-01 7.3812356461769335e-01 
638 2.4564053886448707e+00 7.3812215306395212e-01 7.3812356018582559e-01 
640 2.4564053842544857e+00 7.3812215745433662e-01 7.3812355579544064e-01 
642 2.4564053799050694e+00 7.3812216180375301e-01 7.3812355144602426e-01 
644 2.4564053755961126e+00 7.3812216611271020e-01 7.3812354713706751e-01 
646 2.4564053713271146e+00 7.3812217038170758e-01 7.3812354286806947e-01 
648 2.4564053670975827e+00 7.3812217461123986e-01 7.3812353863853764e-01 
650 2.4564053629070335e+00 7.3812217880178932e-01 7.3812353444798839e-01 
652 2.4564053587549877e+00 7.3812218295383469e-01 7.3812353029594258e-01 
654 2.4564053546409759e+00 7.3812218706784627e-01 7.3812352618193078e-01 
656 2.4564053505645358e+00 7.3812219114428701e-01 7.3812352210549070e-01 
658 2.4564053465252100e+00 7.3812219518361255e-01 7.3812351806616494e-01 
660 2.4564053425225501e+00 7.3812219918627275e-01 7.3812351406350496e-01 
662 2.4564053385561122e+00 7.3812220315271038e-01 7.3812351009706711e-01 
664 2.4564053346254617e+00 7.3812220708336063e-01 7.3812350616641664e-01 
666 2.4564053307301692e+00 7.3812221097865294e-01 7.3812350227112411e-01 
668 2.4564053268698127e+00 7.3812221483900964e-01 7.3812349841076763e-01 
670 2.4564053230439740e+00 7.3812221866484862e-01 7.3812349458492887e-01 
672 2.4564053192522448e+00 7.3812222245657799e-01 7.3812349079319972e-01 
674 2.4564053154942189e+00 7.3812222621460322e-01 7.3812348703517383e-01 
676 2.4564053117694993e+00 7.3812222993932308e-01 7.3812348331045419e-01 
678 2.4564053080776929e+00 7.3812223363112928e-01 7.3812347961864777e-01 
680 2.4564053044184133e+00 7.3812223729040904e-01 7.3812347595936822e-01 
682 2.4564053007912796e+00 7.3812224091754253e-01 7.3812347233223452e-01 
684 2.4564052971959169e+00 7.3812224451290565e-01 7.3812346873687185e-01 
686 2.4564052936319536e+00 7.3812224807686877e-01 7.3812346517290850e-01 
688 2.4564052900990272e+00 7.3812225160979561e-01 7.3812346163998210e-01 
690 2.4564052865967776e+00 7.3812225511204477e-01 7.3812345813773250e-01 
692 2.4564052831248495e+00 7.3812225858397307e-01 7.3812345466580442e-01 
694 2.4564052796828939e+00 7.3812226202592846e-01 7.3812345122384881e-01 
696 2.4564052762705688e+00 7.3812226543825332e-01 7.3812344781152373e-01 
698 2.4564052728875345e+00 7.3812226882128784e-01 7.3812344442848943e-01 
700 2.4564052695334548e+00 7.3812227217536752e-01 7.3812344107440975e-01 
702 2.4564052662080034e+00 7.3812227550081944e-01 7.3812343774895828e-01 
704 2.4564052629108533e+00 7.3812227879796888e-01 7.3812343445180817e-01 
706 2.4564052596416830e+00 7.3812228206713981e-01 7.3812343118263790e-01 
708 2.4564052564001795e+00 7.3812228530864288e-01 7.3812342794113439e-01 
710 2.4564052531860305e+00 7.3812228852279205e-01 7.3812342472698544e-01 
712 2.4564052499989293e+00 7.3812229170989330e-01 7.3812342153988419e-01 
714 2.4564052468385715e+00 7.3812229487025105e-01 7.3812341837952644e-01 
716 2.4564052437046620e+00 7.3812229800416063e-01 7.3812341524561687e-01 
718 2.4564052405969026e+00 7.3812230111192001e-01 7.3812341213785748e-01 
720 2.4564052375150061e+00 7.3812230419381630e-01 7.3812340905596097e-01 
722 2.4564052344586855e+00 7.3812230725013661e-01 7.3812340599964044e-01 
724 2.4564052314276590e+00 7.3812231028116337e-01 7.3812340296861390e-01 
726 2.4564052284216475e+00 7.3812231328717504e-01 7.3812339996260246e-01 
728 2.4564052254403763e+00 7.3812231626844649e-01 7.3812339698133123e-01 
730 2.4564052224835757e+00 7.3812231922524707e-01 7.3812339402453064e-01 
732 2.4564052195509767e+00 7.3812232215784546e-01 7.3812339109193159e-01 
734 2.4564052166423194e+00 7.3812232506650299e-01 7.3812338818327428e-01 
736 2.4564052137573409e+00 7.3812232795148192e-01 7.3812338529829580e-01 
738 2.4564052108957846e+00 7.3812233081303780e-01 7.3812338243673947e-01 
740 2.4564052080573999e+00 7.3812233365142288e-01 7.3812337959835483e-01 
742 2.4564052052419361e+00 7.3812233646688674e-01 7.3812337678289097e-01 
744 2.4564052024491470e+00 7.3812233925967585e-01 7.3812337399010186e-01 
746 2.4564051996787883e+00 7.3812234203003446e-01 7.3812337121974325e-01 
748 2.4564051969306240e+00 7.3812234477819860e-01 7.3812336847157889e-01 
750 2.4564051942044149e+00 7.3812234750440742e-01 7.3812336574536985e-01 
752 2.4564051914999294e+00 7.3812235020889294e-01 7.3812336304088433e-01 
754 2.4564051888169351e+00 7.3812235289188743e-01 7.3812336035789006e-01 
756 2.4564051861552065e+00 7.3812235555361627e-01 7.3812335769616144e-01 
758 2.4564051835145202e+00 7.3812235819430239e-01 7.3812335505547511e-01 
760 2.4564051808946541e+00 7.3812236081416849e-01 7.3812335243560900e-01 
762 2.4564051782953880e+00 7.3812236341343418e-01 7.3812334983634287e-01 
764 2.4564051757165095e+00 7.3812236599231307e-01 7.3812334725746442e-01 
766 2.4564051731578052e+00 7.3812236855101743e-01 7.3812334469876006e-01 
768 2.4564051706190639e+00 7.3812237108975842e-01 7.3812334216001885e-01 
770 2.4564051681000794e+00 7.3812237360874278e-01 7.3812333964103427e-01 
772 2.4564051656006471e+00 7.3812237610817499e-01 7.3812333714160205e-01 
774 2.4564051631205657e+00 7.3812237858825691e-01 7.3812333466152058e-01 
776 2.4564051606596347e+00 7.3812238104918815e-01 7.3812333220058957e-01 
778 2.4564051582176578e+00 7.3812238349116499e-01 7.3812332975861272e-01 
780 2.4564051557944429e+00 7.3812238591437995e-01 7.3812332733539776e-01 
782 2.4564051533897948e+00 7.3812238831902732e-01 7.3812332493074972e-01 
784 2.4564051510035272e+00 7.3812239070529517e-01 7.3812332254448210e-01 
786 2.4564051486354526e+00 7.3812239307336958e-01 7.3812332017640747e-01 
788 2.4564051462853849e+00 7.3812239542343772e-01 7.3812331782633978e-01 
790 2.4564051439531438e+00 7.3812239775567856e-01 7.3812331549409871e-01 
792 2.4564051416385491e+00 7.3812240007027352e-01 7.3812331317950397e-01 
794 2.4564051393414226e+00 7.3812240236739957e-01 7.3812331088237748e-01 
796 2.4564051370615902e+00 7.3812240464723256e-01 7.3812330860254516e-01 
798 2.4564051347988762e+00 7.3812240690994591e-01 7.3812330633983114e-01 
800 2.4564051325531131e+00 7.3812240915570926e-01 7.3812330409406801e-01 
802 2.4564051303241294e+00 7.3812241138469292e-01 7.3812330186508435e-01 
804 2.4564051281117592e+00 7.3812241359706299e-01 7.3812329965271406e-01 
806 2.4564051259158384e+00 7.3812241579298399e-01 7.3812329745679328e-01 
808 2.4564051237362037e+00 7.3812241797261868e-01 7.3812329527715859e-01 
810 2.4564051215726943e+00 7.3812242013612850e-01 7.3812329311364921e-01 
812 2.4564051194251513e+00 7.3812242228367109e-01 7.3812329096610618e-01 
814 2.4564051172934187e+00 7.3812242441540366e-01 7.3812328883437361e-01 
816 2.4564051151773412e+00 7.3812242653148163e-01 7.3812328671829608e-01 
818 2.4564051130767672e+00 7.3812242863205557e-01 7.3812328461772214e-01 
820 2.4564051109915428e+00 7.3812243071727979e-01 7.3812328253249770e-01 
822 2.4564051089215218e+00 7.3812243278730105e-01 7.3812328046247666e-01 
824 2.4564051068665544e+00 7.3812243484226814e-01 7.3812327840750935e-01 
826 2.4564051048264965e+00 7.3812243688232582e-01 7.3812327636745145e-01 
828 2.4564051028012042e+00 7.3812243890761842e-01 7.3812327434215907e-01 
830 2.4564051007905352e+00 7.3812244091828694e-01 7.3812327233149011e-01 
832 2.4564050987943475e+00 7.3812244291447526e-01 7.3812327033530245e-01 
834 2.4564050968125040e+00 7.3812244489631840e-01 7.3812326835345887e-01 
836 2.4564050948448672e+00 7.3812244686395556e-01 7.3812326638582215e-01 
838 2.4564050928913028e+00 7.3812244881751998e-01 7.3812326443225773e-01 
840 2.4564050909516744e+00 7.3812245075714822e-01 7.3812326249262927e-01 
842 2.4564050890258509e+00 7.3812245268297128e-01 7.3812326056680577e-01 
844 2.4564050871137035e+00 7.3812245459511905e-01 7.3812325865465844e-01 
846 2.4564050852151005e+00 7.3812245649372210e-01 7.3812325675605539e-01 
848 2.4564050833299156e+00 7.3812245837890722e-01 7.3812325487087049e-01 
850 2.4564050814580214e+00 7.3812246025080119e-01 7.3812325299897630e-01 
852 2.4564050795992940e+00 7.3812246210952881e-01 7.3812325114024890e-01 
854 2.4564050777536113e+00 7.3812246395521086e-01 7.3812324929456619e-01 
856 2.4564050759208498e+00 7.3812246578797258e-01 7.3812324746180469e-01 
858 2.4564050741008900e+00 7.3812246760793232e-01 7.3812324564184495e-01 
860 2.4564050722936139e+00 7.3812246941520843e-01 7.3812324383456884e-01 
862 2.4564050704989016e+00 7.3812247120992125e-01 7.3812324203985646e-01 
864 2.4564050687166379e+00 7.3812247299218448e-01 7.3812324025759279e-01 
866 2.4564050669467092e+00 7.3812247476211290e-01 7.3812323848766415e-01 
868 2.4564050651890006e+00 7.3812247651982221e-01 7.3812323672995550e-01 
870 2.4564050634433987e+00 7.3812247826542388e-01 7.3812323498435362e-01 
872 2.4564050617097957e+00 7.3812247999902669e-01 7.3812323325075058e-01 
874 2.4564050599880796e+00 7.3812248172074302e-01 7.3812323152903447e-01 
876 2.4564050582781434e+00 7.3812248343067877e-01 7.3812322981909828e-01 
878 2.4564050565798787e+00 7.3812248512894407e-01 7.3812322812083364e-01 
880 2.4564050548931813e+00 7.3812248681564152e-01 7.3812322643413619e-01 
882 2.4564050532179422e+00 7.3812248849087991e-01 7.3812322475889713e-01 
884 2.4564050515540625e+00 7.3812249015475984e-01 7.3812322309501743e-01 
886 2.4564050499014360e+00 7.3812249180738609e-01 7.3812322144239095e-01 
888 2.4564050482599651e+00 7.3812249344885728e-01 7.3812321980091999e-01 
890 2.4564050466295475e+00 7.3812249507927463e-01 7.3812321817050242e-01 
892 2.4564050450100847e+00 7.3812249669873808e-01 7.3812321655103963e-01 
894 2.4564050434014781e+00 7.3812249830734444e-01 7.3812321494243305e-01 
896 2.4564050418036323e+00 7.3812249990519008e-01 7.3812321334458719e-01 
898 2.4564050402164495e+00 7.3812250149237335e-01 7.3812321175740436e-01 
900 2.4564050386398364e+00 7.3812250306898575e-01 7.3812321018079130e-01 
902 2.4564050370736989e+00 7.3812250463512319e-01 7.3812320861465386e-01 
904 2.4564050355179452e+00 7.3812250619087716e-01 7.3812320705890011e-01 
906 2.4564050339724832e+00 7.3812250773633892e-01 7.3812320551343813e-01 
908 2.4564050324372229e+00 7.3812250927159950e-01 7.3812320397817777e-01 
910 2.4564050309120726e+00 7.3812251079674995e-01 7.3812320245302754e-01 
912 2.4564050293969446e+00 7.3812251231187798e-01 7.3812320093789952e-01 
914 2.4564050278917540e+00 7.3812251381706839e-01 7.3812319943270888e-01 
916 2.4564050263964119e+00 7.3812251531241024e-01 7.3812319793736680e-01 
918 2.4564050249108313e+00 7.3812251679799101e-01 7.3812319645178626e-01 
920 2.4564050234349293e+00 7.3812251827389308e-01 7.3812319497588419e-01 
922 2.4564050219686209e+00 7.3812251974020171e-01 7.3812319350957578e-01 
924 2.4564050205118240e+00 7.3812252119699884e-01 7.3812319205277888e-01 
926 2.4564050190644569e+00 7.3812252264436573e-01 7.3812319060541176e-01 
928 2.4564050176264365e+00 7.3812252408238588e-01 7.3812318916739139e-01 
930 2.4564050161976834e+00 7.3812252551113944e-01 7.3812318773863828e-01 
932 2.4564050147781198e+00 7.3812252693070279e-01 7.3812318631907470e-01 
934 2.4564050133676654e+00 7.3812252834115744e-01 7.3812318490862028e-01 
936 2.4564050119662424e+00 7.3812252974258019e-01 7.3812318350719730e-01 
938 2.4564050105737745e+00 7.3812253113504811e-01 7.3812318211472938e-01 
940 2.4564050091901848e+00 7.3812253251863758e-01 7.3812318073113969e-01 
942 2.4564050078153978e+00 7.3812253389342430e-01 7.3812317935635274e-01 
944 2.4564050064493412e+00 7.3812253525948135e-01 7.3812317799029614e-01 
946 2.4564050050919377e+00 7.3812253661688443e-01 7.3812317663289262e-01 
948 2.4564050037431180e+00 7.3812253796570437e-01 7.3812317528407290e-01 
950 2.4564050024028075e+00 7.3812253930601535e-01 7.3812317394376237e-01 
952 2.4564050010709351e+00 7.3812254063788707e-01 7.3812317261188998e-01 
954 2.4564049997474324e+00 7.3812254196139016e-01 7.3812317128838734e-01 
956 2.4564049984322249e+00 7.3812254327659765e-01 7.3812316997317984e-01 
958 2.4564049971252468e+00 7.3812254458357551e-01 7.3812316866620176e-01 
960 2.4564049958264302e+00 7.3812254588239190e-01 7.3812316736738515e-01 
962 2.4564049945357040e+00 7.3812254717311809e-01 7.3812316607665895e-01 
964 2.4564049932530039e+00 7.3812254845581871e-01 7.3812316479395879e-01 
966 2.4564049919782622e+00 7.3812254973055991e-01 7.3812316351921714e-01 
968 2.4564049907114147e+00 7.3812255099740787e-01 7.3812316225236962e-01 
970 2.4564049894523938e+00 7.3812255225642831e-01 7.3812316099334874e-01 
972 2.4564049882011378e+00 7.3812255350768474e-01 7.3812315974209275e-01 
974 2.4564049869575810e+00 7.3812255475124111e-01 7.3812315849853594e-01 
976 2.4564049857216617e+00 7.3812255598716092e-01 7.3812315726261657e-01 
978 2.4564049844933176e+00 7.3812255721550479e-01 7.3812315603427248e-01 
980 2.4564049832724861e+00 7.3812255843633623e-01 7.3812315481344104e-01 
982 2.4564049820591052e+00 7.3812255964971740e-01 7.3812315360006009e-01 
984 2.4564049808531156e+00 7.3812256085570693e-01 7.3812315239407056e-01 
986 2.4564049796544567e+00 7.3812256205436588e-01 7.3812315119541161e-01 
988 2.4564049784630715e+00 7.3812256324575065e-01 7.3812315000402640e-01 
990 2.4564049772788992e+00 7.3812256442992297e-01 7.3812314881985408e-01 
992 2.4564049761018807e+00 7.3812256560694167e-01 7.3812314764283560e-01 
994 2.4564049749319605e+00 7.3812256677686205e-01 7.3812314647291544e-01 
996 2.4564049737690823e+00 7.3812256793973985e-01 7.3812314531003720e-01 
998 2.4564049726131869e+00 7.3812256909563567e-01 7.3812314415414182e-01 
1000 2.4564049714642198e+00 7.3812257024460304e-01 7.3812314300517468e-01 
1002 2.4564049703221253e+00 7.3812257138669679e-01 7.3812314186308026e-01 
1004 2.4564049691868508e+00 7.3812257252197155e-01 7.3812314072780572e-01 
1006 2.4564049680583402e+00 7.3812257365048217e-01 7.3812313959929510e-01 
1008 2.4564049669365393e+00 7.3812257477228282e-01 7.3812313847749422e-01 
1010 2.4564049658213971e+00 7.3812257588742569e-01 7.3812313736235202e-01 
1012 2.4564049647128594e+00 7.3812257699596295e-01 7.3812313625381432e-01 
1014 2.4564049636108733e+00 7.3812257809794879e-01 7.3812313515182826e-01 
1016 2.4564049625153910e+00 7.3812257919343138e-01 7.3812313405634589e-01 
1018 2.4564049614263577e+00 7.3812258028246469e-01 7.3812313296731258e-01 
1020 2.4564049603437250e+00 7.3812258136509779e-01 7.3812313188467993e-01 
1022 2.4564049592674411e+00 7.3812258244138151e-01 7.3812313080839598e-01 
1024 2.4564049581974583e+00 7.3812258351136406e-01 7.3812312973841321e-01 
1026 2.4564049571337252e+00 7.3812258457509716e-01 7.3812312867468011e-01 
1028 2.4564049560761951e+00 7.3812258563262723e-01 7.3812312761715004e-01 
1030 2.4564049550248201e+00 7.3812258668400266e-01 7.3812312656577506e-01 
1032 2.4564049539795532e+00 7.3812258772926964e-01 7.3812312552050807e-01 
1034 2.4564049529403436e+00 7.3812258876847903e-01 7.3812312448129846e-01 
1036 2.4564049519071460e+00 7.3812258980167655e-01 7.3812312344810094e-01 
1038 2.4564049508799162e+00 7.3812259082890597e-01 7.3812312242087108e-01 
1040 2.4564049498586078e+00 7.3812259185021478e-01 7.3812312139956271e-01 
1042 2.4564049488431734e+00 7.3812259286564874e-01 7.3812312038412831e-01 
1044 2.4564049478335699e+00 7.3812259387525292e-01 7.3812311937452479e-01 
1046 2.4564049468297515e+00 7.3812259487907128e-01 7.3812311837070643e-01 
1048 2.4564049458316757e+00 7.3812259587714690e-01 7.3812311737263059e-01 
1050 2.4564049448392966e+00 7.3812259686952619e-01 7.3812311638025152e-01 
1052 2.4564049438525730e+00 7.3812259785624978e-01 7.3812311539352793e-01 
1054 2.4564049428714605e+00 7.3812259883736231e-01 7.3812311441241540e-01 
1056 2.4564049418959173e+00 7.3812259981290529e-01 7.3812311343687220e-01 
1058 2.4564049409259017e+00 7.3812260078292091e-01 7.3812311246685658e-01 
1060 2.4564049399613714e+00 7.3812260174745115e-01 7.3812311150232635e-01 
1062 2.4564049390022840e+00 7.3812260270653840e-01 7.3812311054323887e-01 
1064 2.4564049380486015e+00 7.3812260366022087e-01 7.3812310958955640e-01 
1066 2.4564049371002810e+00 7.3812260460854140e-01 7.3812310864123587e-01 
1068 2.4564049361572837e+00 7.3812260555153841e-01 7.3812310769823863e-01 
1070 2.4564049352195689e+00 7.3812260648925343e-01 7.3812310676052384e-01 
1072 2.4564049342870975e+00 7.3812260742172464e-01 7.3812310582805241e-01 
1074 2.4564049333598308e+00 7.3812260834899202e-01 7.3812310490078570e-01 
1076 2.4564049324377302e+00 7.3812260927109263e-01 7.3812310397868508e-01 
1078 2.4564049315207570e+00 7.3812261018806580e-01 7.3812310306171192e-01 
1080 2.4564049306088727e+00 7.3812261109994948e-01 7.3812310214982757e-01 
1082 2.4564049297020407e+00 7.3812261200678164e-01 7.3812310124299563e-01 
1084 2.4564049288002243e+00 7.3812261290859804e-01 7.3812310034117923e-01 
1086 2.4564049279033835e+00 7.3812261380543887e-01 7.3812309944433840e-01 
1088 2.4564049270114858e+00 7.3812261469733631e-01 7.3812309855244074e-01 
1090 2.4564049261244927e+00 7.3812261558432990e-01 7.3812309766544759e-01 
1092 2.4564049252423690e+00 7.3812261646645361e-01 7.3812309678332388e-01 
1094 2.4564049243650792e+00 7.3812261734374318e-01 7.3812309590603409e-01 
1096 2.4564049234925878e+00 7.3812261821623504e-01 7.3812309503354268e-01 
1098 2.4564049226248583e+00 7.3812261908396382e-01 7.3812309416581323e-01 
1100 2.4564049217618593e+00 7.3812261994696327e-01 7.3812309330281423e-01 
1102 2.4564049209035530e+00 7.3812262080526980e-01 7.3812309244450791e-01 
1104 2.4564049200499083e+00 7.3812262165891385e-01 7.3812309159086320e-01 
1106 2.4564049192008901e+00 7.3812262250793270e-01 7.3812309074184501e-01 
1108 2.4564049183564647e+00 7.3812262335235790e-01 7.3812308989741959e-01 
1110 2.4564049175166009e+00 7.3812262419222185e-01 7.3812308905755586e-01 
1112 2.4564049166812643e+00 7.3812262502755854e-01 7.3812308822221917e-01 
1114 2.4564049158504231e+00 7.3812262585839949e-01 7.3812308739137800e-01 
1116 2.4564049150240428e+00 7.3812262668477979e-01 7.3812308656499770e-01 
1118 2.4564049142020949e+00 7.3812262750672741e-01 7.3812308574304986e-01 
1120 2.4564049133845480e+00 7.3812262832427455e-01 7.3812308492550294e-01 
1122 2.4564049125713665e+00 7.3812262913745563e-01 7.3812308411232141e-01 
1124 2.4564049117625237e+00 7.3812262994629840e-01 7.3812308330347864e-01 
1126 2.4564049109579855e+00 7.3812263075083684e-01 7.3812308249894043e-01 
1128 2.4564049101577243e+00 7.3812263155109781e-01 7.3812308169867924e-01 
1130 2.4564049093617073e+00 7.3812263234711484e-01 7.3812308090266221e-01 
1132 2.4564049085699073e+00 7.3812263313891524e-01 7.3812308011086225e-01 
1134 2.4564049077822916e+00 7.3812263392653099e-01 7.3812307932324650e-01 
1136 2.4564049069988330e+00 7.3812263470998962e-01 7.3812307853978787e-01 
1138 2.4564049062195026e+00 7.3812263548931956e-01 7.3812307776045749e-01 
1140 2.4564049054442680e+00 7.3812263626455432e-01 7.3812307698522295e-01 
1142 2.4564049046731036e+00 7.3812263703571879e-01 7.3812307621405848e-01 
1144 2.4564049039059808e+00 7.3812263780284204e-01 7.3812307544693567e-01 
1146 2.4564049031428703e+00 7.3812263856595184e-01 7.3812307468382521e-01 
1148 2.4564049023837446e+00 7.3812263932507749e-01 7.3812307392469956e-01 
1150 2.4564049016285772e+00 7.3812264008024497e-01 7.3812307316953207e-01 
1152 2.4564049008773381e+00 7.3812264083148427e-01 7.3812307241829300e-01 
1154 2.4564049001300026e+00 7.3812264157881979e-01 7.3812307167095748e-01 
1156 2.4564048993865422e+00 7.3812264232228020e-01 7.3812307092749707e-01 
1158 2.4564048986469316e+00 7.3812264306189124e-01 7.3812307018788648e-01 
1160 2.4564048979111415e+00 7.3812264379768133e-01 7.3812306945209638e-01 
1162 2.4564048971791483e+00 7.3812264452967447e-01 7.3812306872010325e-01 
1164 2.4564048964509246e+00 7.3812264525789750e-01 7.3812306799187954e-01 
1166 2.4564048957264455e+00 7.3812264598237665e-01 7.3812306726740040e-01 
1168 2.4564048950056847e+00 7.3812264670313787e-01 7.3812306654663962e-01 
1170 2.4564048942886170e+00 7.3812264742020517e-01 7.3812306582957188e-01 
1172 2.4564048935752174e+00 7.3812264813360495e-01 7.3812306511617232e-01 
1174 2.4564048928654598e+00 7.3812264884336232e-01 7.3812306440641473e-01 
1176 2.4564048921593216e+00 7.3812264954950124e-01 7.3812306370027647e-01 
1178 2.4564048914567755e+00 7.3812265025204704e-01 7.3812306299773045e-01 
1180 2.4564048907578004e+00 7.3812265095102214e-01 7.3812306229875535e-01 
1182 2.4564048900623692e+00 7.3812265164645363e-01 7.3812306160332408e-01 
1184 2.4564048893704586e+00 7.3812265233836372e-01 7.3812306091141355e-01 
1186 2.4564048886820466e+00 7.3812265302677571e-01 7.3812306022300156e-01 
1188 2.4564048879971079e+00 7.3812265371171426e-01 7.3812305953806279e-01 
1190 2.4564048873156206e+00 7.3812265439320224e-01 7.3812305885657548e-01 
1192 2.4564048866375607e+00 7.3812265507126185e-01 7.3812305817851565e-01 
1194 2.4564048859629044e+00 7.3812265574591795e-01 7.3812305750385931e-01 
1196 2.4564048852916298e+00 7.3812265641719277e-01 7.3812305683258472e-01 
1198 2.4564048846237148e+00 7.3812265708510760e-01 7.3812305616466967e-01 
1200 2.4564048839591357e+00 7.3812265774968644e-01 7.3812305550009061e-01 
1202 2.4564048832978722e+00 7.3812265841095037e-01 7.3812305483882712e-01 
1204 2.4564048826399008e+00 7.3812265906892183e-01 7.3812305418085566e-01 
1206 2.4564048819852013e+00 7.3812265972362145e-01 7.3812305352615626e-01 
1208 2.4564048813337496e+00 7.3812266037507301e-01 7.3812305287470448e-01 
1210 2.4564048806855268e+00 7.3812266102329605e-01 7.3812305222648167e-01 
1212 2.4564048800405098e+00 7.3812266166831275e-01 7.3812305158146474e-01 
1214 2.4564048793986779e+00 7.3812266231014445e-01 7.3812305093963282e-01 
1216 2.4564048787600101e+00 7.3812266294881224e-01 7.3812305030096503e-01 
1218 2.4564048781244847e+00 7.3812266358433742e-01 7.3812304966543962e-01 
1220 2.4564048774920848e+00 7.3812266421673733e-01 7.3812304903303971e-01 
1222 2.4564048768627860e+00 7.3812266484603639e-01 7.3812304840374088e-01 
1224 2.4564048762365700e+00 7.3812266547225236e-01 7.3812304777752491e-01 
1226 2.4564048756134165e+00 7.3812266609540633e-01 7.3812304715437138e-01 
1228 2.4564048749933045e+00 7.3812266671551829e-01 7.3812304653425942e-01 
1230 2.4564048743762155e+00 7.3812266733260712e-01 7.3812304591717037e-01 
1232 2.4564048737621285e+00 7.3812266794669368e-01 7.3812304530308337e-01 
1234 2.4564048731510253e+00 7.3812266855779751e-01 7.3812304469198020e-01 
1236 2.4564048725428869e+00 7.3812266916593594e-01 7.3812304408384177e-01 
1238 2.4564048719376927e+00 7.3812266977112939e-01 7.3812304347864766e-01 
1240 2.4564048713354247e+00 7.3812267037339763e-01 7.3812304287637964e-01 
1242 2.4564048707360651e+00 7.3812267097275752e-01 7.3812304227701997e-01 
1244 2.4564048701395915e+00 7.3812267156923128e-01 7.3812304168054643e-01 
1246 2.4564048695459890e+00 7.3812267216283378e-01 7.3812304108694393e-01 
1248 2.4564048689552380e+00 7.3812267275358412e-01 7.3812304049619293e-01 
1250 2.4564048683673212e+00 7.3812267334150117e-01 7.3812303990827610e-01 
1252 2.4564048677822194e+00 7.3812267392660336e-01 7.3812303932317436e-01 
1254 2.4564048671999137e+00 7.3812267450890845e-01 7.3812303874086860e-01 
1256 2.4564048666203879e+00 7.3812267508843421e-01 7.3812303816134284e-01 
1258 2.4564048660436248e+00 7.3812267566519796e-01 7.3812303758457976e-01 
1260 2.4564048654696053e+00 7.3812267623921701e-01 7.3812303701056026e-01 
1262 2.4564048648983130e+00 7.3812267681050936e-01 7.3812303643926791e-01 
1264 2.4564048643297305e+00 7.3812267737909210e-01 7.3812303587068540e-01 
1266 2.4564048637638409e+00 7.3812267794498188e-01 7.3812303530479584e-01 
1268 2.4564048632006270e+00 7.3812267850819580e-01 7.3812303474158192e-01 
1270 2.4564048626400705e+00 7.3812267906875162e-01 7.3812303418102543e-01 
1272 2.4564048620821577e+00 7.3812267962666445e-01 7.3812303362311260e-01 
1274 2.4564048615268681e+00 7.3812268018195448e-01 7.3812303306782301e-01 
1276 2.4564048609741889e+00 7.3812268073463327e-01 7.3812303251514377e-01 
1278 2.4564048604241027e+00 7.3812268128472014e-01 7.3812303196505757e-01 
1280 2.4564048598765940e+00 7.3812268183222884e-01 7.3812303141754887e-01 
1282 2.4564048593316441e+00 7.3812268237717826e-01 7.3812303087259901e-01 
1284 2.4564048587892384e+00 7.3812268291958394e-01 7.3812303033019333e-01 
1286 2.4564048582493623e+00 7.3812268345945986e-01 7.3812302979031719e-01 
1288 2.4564048577119992e+00 7.3812268399682335e-01 7.3812302925295414e-01 
1290 2.4564048571771342e+00 7.3812268453168839e-01 7.3812302871808910e-01 
1292 2.4564048566447494e+00 7.3812268506407275e-01 7.3812302818570430e-01 
1294 2.4564048561148324e+00 7.3812268559398975e-01 7.3812302765578730e-01 
1296 2.4564048555873668e+00 7.3812268612145537e-01 7.3812302712832167e-01 
1298 2.4564048550623374e+00 7.3812268664648517e-01 7.3812302660329232e-01 
1300 2.4564048545397292e+00 7.3812268716909357e-01 7.3812302608068414e-01 
1302 2.4564048540195271e+00 7.3812268768929568e-01 7.3812302556048204e-01 
1304 2.4564048535017178e+00 7.3812268820710480e-01 7.3812302504267269e-01 
1306 2.4564048529862839e+00 7.3812268872253850e-01 7.3812302452723877e-01 
1308 2.4564048524732134e+00 7.3812268923560875e-01 7.3812302401416829e-01 
1310 2.4564048519624913e+00 7.3812268974633088e-01 7.3812302350344616e-01 
1312 2.4564048514541028e+00 7.3812269025471933e-01 7.3812302299505772e-01 
1314 2.4564048509480347e+00 7.3812269076078785e-01 7.3812302248898964e-01 
1316 2.4564048504442719e+00 7.3812269126455088e-01 7.3812302198522683e-01 
1318 2.4564048499428011e+00 7.3812269176602174e-01 7.3812302148375597e-01 
1320 2.4564048494436070e+00 7.3812269226521532e-01 7.3812302098456195e-01 
1322 2.4564048489466765e+00 7.3812269276214604e-01 7.3812302048763145e-01 
1324 2.4564048484519967e+00 7.3812269325682545e-01 7.3812301999295160e-01 
1326 2.4564048479595550e+00 7.3812269374926776e-01 7.3812301950050996e-01 
1328 2.4564048474693352e+00 7.3812269423948695e-01 7.3812301901029009e-01 
1330 2.4564048469813242e+00 7.3812269472749792e-01 7.3812301852227913e-01 
1332 2.4564048464955106e+00 7.3812269521331197e-01 7.3812301803646552e-01 
1334 2.4564048460118810e+00 7.3812269569694111e-01 7.3812301755283594e-01 
1336 2.4564048455304217e+00 7.3812269617840043e-01 7.3812301707137662e-01 
1338 2.4564048450511198e+00 7.3812269665770236e-01 7.3812301659207469e-01 
1340 2.4564048445739624e+00 7.3812269713486045e-01 7.3812301611491726e-01 
1342 2.4564048440989361e+00 7.3812269760988602e-01 7.3812301563989102e-01 
1344 2.4564048436260291e+00 7.3812269808279374e-01 7.3812301516698398e-01 
1346 2.4564048431552297e+00 7.3812269855359269e-01 7.3812301469618458e-01 
1348 2.4564048426865228e+00 7.3812269902229954e-01 7.3812301422747773e-01 
1350 2.4564048422198979e+00 7.3812269948892473e-01 7.3812301376085276e-01 
1352 2.4564048417553423e+00 7.3812269995348023e-01 7.3812301329629726e-01 
1354 2.4564048412928434e+00 7.3812270041597894e-01 7.3812301283379833e-01 
1356 2.4564048408323900e+00 7.3812270087643261e-01 7.3812301237334488e-01 
1358 2.4564048403739700e+00 7.3812270133485236e-01 7.3812301191492491e-01 
1360 2.4564048399175702e+00 7.3812270179125217e-01 7.3812301145852510e-01 
1362 2.4564048394631799e+00 7.3812270224564225e-01 7.3812301100413480e-01 
1364 2.4564048390107871e+00 7.3812270269803548e-01 7.3812301055174201e-01 
1366 2.4564048385603798e+00 7.3812270314844275e-01 7.3812301010133474e-01 
1368 2.4564048381119474e+00 7.3812270359687515e-01 7.3812300965290234e-01 
1370 2.4564048376654757e+00 7.3812270404334712e-01 7.3812300920643059e-01 
1372 2.4564048372209548e+00 7.3812270448786732e-01 7.3812300876190973e-01 
1374 2.4564048367783751e+00 7.3812270493044707e-01 7.3812300831932998e-01 
1376 2.4564048363377231e+00 7.3812270537109903e-01 7.3812300787867802e-01 
1378 2.4564048358989887e+00 7.3812270580983363e-01 7.3812300743994363e-01 
1380 2.4564048354621608e+00 7.3812270624666132e-01 7.3812300700311573e-01 
1382 2.4564048350272278e+00 7.3812270668159430e-01 7.3812300656818275e-01 
1384 2.4564048345941774e+00 7.3812270711464523e-01 7.3812300613513226e-01 
1386 2.4564048341630018e+00 7.3812270754582032e-01 7.3812300570395672e-01 
1388 2.4564048337336901e+00 7.3812270797513246e-01 7.3812300527464503e-01 
1390 2.4564048333062289e+00 7.3812270840259342e-01 7.3812300484718385e-01 
1392 2.4564048328806081e+00 7.3812270882821429e-01 7.3812300442156298e-01 
1394 2.4564048324568191e+00 7.3812270925200374e-01 7.3812300399777397e-01 
1396 2.4564048320348486e+00 7.3812270967397398e-01 7.3812300357580352e-01 
1398 2.4564048316146905e+00 7.3812271009413166e-01 7.3812300315564539e-01 
1400 2.4564048311963300e+00 7.3812271051249234e-01 7.3812300273728493e-01 
1402 2.4564048307797579e+00 7.3812271092906445e-01 7.3812300232071282e-01 
1404 2.4564048303649657e+00 7.3812271134385687e-01 7.3812300190592062e-01 
1406 2.4564048299519423e+00 7.3812271175688027e-01 7.3812300149289722e-01 
1408 2.4564048295406780e+00 7.3812271216814440e-01 7.3812300108163287e-01 
1410 2.4564048291311629e+00 7.3812271257765949e-01 7.3812300067211778e-01 
1412 2.4564048287233864e+00 7.3812271298543641e-01 7.3812300026434130e-01 
1414 2.4564048283173374e+00 7.3812271339148516e-01 7.3812299985829233e-01 
1416 2.4564048279130097e+00 7.3812271379581307e-01 7.3812299945396465e-01 
1418 2.4564048275103909e+00 7.3812271419843190e-01 7.3812299905134582e-01 
1420 2.4564048271094721e+00 7.3812271459935008e-01 7.3812299865042696e-01 
1422 2.4564048267102452e+00 7.3812271499857762e-01 7.3812299825120009e-01 
1424 2.4564048263126965e+00 7.3812271539612628e-01 7.3812299785365143e-01 
1426 2.4564048259168203e+00 7.3812271579200250e-01 7.3812299745777521e-01 
1428 2.4564048255226063e+00 7.3812271618621605e-01 7.3812299706356121e-01 
1430 2.4564048251300465e+00 7.3812271657877582e-01 7.3812299667100145e-01 
1432 2.4564048247391290e+00 7.3812271696969334e-01 7.3812299628008393e-01 
1434 2.4564048243498462e+00 7.3812271735897594e-01 7.3812299589080110e-01 
1436 2.4564048239621887e+00 7.3812271774663385e-01 7.3812299550314364e-01 
1438 2.4564048235761486e+00 7.3812271813267349e-01 7.3812299511710355e-01 
1440 2.4564048231917157e+00 7.3812271851710709e-01 7.3812299473267062e-01 
1442 2.4564048228088806e+00 7.3812271889994197e-01 7.3812299434983553e-01 
1444 2.4564048224276354e+00 7.3812271928118744e-01 7.3812299396859027e-01 
1446 2.4564048220479711e+00 7.3812271966085174e-01 7.3812299358892597e-01 
1448 2.4564048216698779e+00 7.3812272003894419e-01 7.3812299321083286e-01 
1450 2.4564048212933502e+00 7.3812272041547211e-01 7.3812299283430516e-01 
1452 2.4564048209183742e+00 7.3812272079044861e-01 7.3812299245932911e-01 
1454 2.4564048205449462e+00 7.3812272116387656e-01 7.3812299208590115e-01 
1456 2.4564048201730571e+00 7.3812272153576530e-01 7.3812299171401197e-01 
1458 2.4564048198026973e+00 7.3812272190612549e-01 7.3812299134365222e-01 
1460 2.4564048194338577e+00 7.3812272227496489e-01 7.3812299097481260e-01 
1462 2.4564048190665302e+00 7.3812272264229239e-01 7.3812299060748510e-01 
1464 2.4564048187007073e+00 7.3812272300811510e-01 7.3812299024166217e-01 
1466 2.4564048183363809e+00 7.3812272337244145e-01 7.3812298987733582e-01 
1468 2.4564048179735432e+00 7.3812272373527943e-01 7.3812298951449806e-01 
1470 2.4564048176121847e+00 7.3812272409663771e-01 7.3812298915313956e-01 
1472 2.4564048172522974e+00 7.3812272445652471e-01 7.3812298879325233e-01 
1474 2.4564048168938748e+00 7.3812272481494778e-01 7.3812298843482971e-01 
1476 2.4564048165369097e+00 7.3812272517191313e-01 7.3812298807786458e-01 
1478 2.4564048161813905e+00 7.3812272552743230e-01 7.3812298772234541e-01 
1480 2.4564048158273120e+00 7.3812272588151018e-01 7.3812298736826687e-01 
1482 2.4564048154746669e+00 7.3812272623415587e-01 7.3812298701562185e-01 
1484 2.4564048151234466e+00 7.3812272658537559e-01 7.3812298666440146e-01 
1486 2.4564048147736419e+00 7.3812272693518044e-01 7.3812298631459683e-01 
1488 2.4564048144252486e+00 7.3812272728357375e-01 7.3812298596620352e-01 
1490 2.4564048140782568e+00 7.3812272763056552e-01 7.3812298561921175e-01 
1492 2.4564048137326600e+00 7.3812272797616285e-01 7.3812298527361486e-01 
1494 2.4564048133884491e+00 7.3812272832037373e-01 7.3812298492940398e-01 
1496 2.4564048130456180e+00 7.3812272866320461e-01 7.3812298458657288e-01 
1498 2.4564048127041587e+00 7.3812272900466347e-01 7.3812298424511358e-01 
1500 2.4564048123640658e+00 7.3812272934475631e-01 7.3812298390502074e-01 
1502 2.4564048120253279e+00 7.3812272968349424e-01 7.3812298356628281e-01 
1504 2.4564048116879449e+00 7.3812273002087747e-01 7.3812298322889980e-01 
1506 2.4564048113519008e+00 7.3812273035692155e-01 7.3812298289285572e-01 
1508 2.4564048110171957e+00 7.3812273069162715e-01 7.3812298255815056e-01 
1510 2.4564048106838188e+00 7.3812273102500381e-01 7.3812298222477368e-01 
1512 2.4564048103517639e+00 7.3812273135705886e-01 7.3812298189271885e-01 
1514 2.4564048100210232e+00 7.3812273168779896e-01 7.3812298156197809e-01 
1516 2.4564048096915916e+00 7.3812273201723100e-01 7.3812298123254649e-01 
1518 2.4564048093634612e+00 7.3812273234536141e-01 7.3812298090441608e-01 
1520 2.4564048090366253e+00 7.3812273267219708e-01 7.3812298057758019e-01 
1522 2.4564048087110759e+00 7.3812273299774644e-01 7.3812298025203082e-01 
1524 2.4564048083868086e+00 7.3812273332201417e-01 7.3812297992776355e-01 
1526 2.4564048080638146e+00 7.3812273364500824e-01 7.3812297960476947e-01 
1528 2.4564048077420892e+00 7.3812273396673334e-01 7.3812297928304416e-01 
1530 2.4564048074216225e+00 7.3812273428720010e-01 7.3812297896257739e-01 
1532 2.4564048071024116e+00 7.3812273460641120e-01 7.3812297864336651e-01 
1534 2.4564048067844482e+00 7.3812273492437463e-01 7.3812297832540308e-01 
1536 2.4564048064677273e+00 7.3812273524109506e-01 7.3812297800868221e-01 
1538 2.4564048061522392e+00 7.3812273555658359e-01 7.3812297769319413e-01 
1540 2.4564048058379799e+00 7.3812273587084265e-01 7.3812297737893484e-01 
1542 2.4564048055249432e+00 7.3812273618387914e-01 7.3812297706589813e-01 
1544 2.4564048052131215e+00 7.3812273649570104e-01 7.3812297675407645e-01 
1546 2.4564048049025105e+00 7.3812273680631213e-01 7.3812297644346536e-01 
1548 2.4564048045931011e+00 7.3812273711572107e-01 7.3812297613405597e-01 
1550 2.4564048042848898e+00 7.3812273742393297e-01 7.3812297582584474e-01 
1552 2.4564048039778692e+00 7.3812273773095294e-01 7.3812297551882411e-01 
1554 2.4564048036720325e+00 7.3812273803679007e-01 7.3812297521298742e-01 
1556 2.4564048033673753e+00 7.3812273834144704e-01 7.3812297490833023e-01 
1558 2.4564048030638896e+00 7.3812273864493316e-01 7.3812297460484455e-01 
1560 2.4564048027615697e+00 7.3812273894725244e-01 7.3812297430252460e-01 
1562 2.4564048024604124e+00 7.3812273924841021e-01 7.3812297400136728e-01 
1564 2.4564048021604097e+00 7.3812273954841312e-01 7.3812297370136459e-01 
1566 2.4564048018615532e+00 7.3812273984726939e-01 7.3812297340250810e-01 
1568 2.4564048015638424e+00 7.3812274014498036e-01 7.3812297310479735e-01 
1570 2.4564048012672659e+00 7.3812274044155646e-01 7.3812297280822081e-01 
1572 2.4564048009718236e+00 7.3812274073699924e-01 7.3812297251277847e-01 
1574 2.4564048006775034e+00 7.3812274103131870e-01 7.3812297221845835e-01 
1576 2.4564048003843060e+00 7.3812274132451638e-01 7.3812297192526088e-01 
1578 2.4564048000922223e+00 7.3812274161660052e-01 7.3812297163317719e-01 
1580 2.4564047998012448e+00 7.3812274190757732e-01 7.3812297134219973e-01 
1582 2.4564047995113718e+00 7.3812274219745100e-01 7.3812297105232672e-01 
1584 2.4564047992225970e+00 7.3812274248622578e-01 7.3812297076355193e-01 
1586 2.4564047989349125e+00 7.3812274277391032e-01 7.3812297047586739e-01 
1588 2.4564047986483151e+00 7.3812274306050774e-01 7.3812297018926998e-01 
1590 2.4564047983627986e+00 7.3812274334602401e-01 7.3812296990375348e-01 
1592 2.4564047980783563e+00 7.3812274363046582e-01 7.3812296961931123e-01 
1594 2.4564047977949857e+00 7.3812274391383714e-01 7.3812296933594057e-01 
1596 2.4564047975126799e+00 7.3812274419614221e-01 7.3812296905363484e-01 
1598 2.4564047972314316e+00 7.3812274447739079e-01 7.3812296877238648e-01 
1600 2.4564047969512375e+00 7.3812274475758533e-01 7.3812296849219239e-01 
1602 2.4564047966720932e+00 7.3812274503672914e-01 7.3812296821304813e-01 
1604 2.4564047963939921e+00 7.3812274531483002e-01 7.3812296793494703e-01 
1606 2.4564047961169284e+00 7.3812274559189439e-01 7.3812296765788332e-01 
1608 2.4564047958408999e+00 7.3812274586792270e-01 7.3812296738185479e-01 
1610 2.4564047955658972e+00 7.3812274614292539e-01 7.3812296710685210e-01 
1612 2.4564047952919181e+00 7.3812274641690445e-01 7.3812296683287304e-01 
1614 2.4564047950189591e+00 7.3812274668986366e-01 7.3812296655991405e-01 
1616 2.4564047947470096e+00 7.3812274696181301e-01 7.3812296628796448e-01 
1618 2.4564047944760703e+00 7.3812274723275229e-01 7.3812296601702521e-01 
1620 2.4564047942061311e+00 7.3812274750269147e-01 7.3812296574708602e-01 
1622 2.4564047939371925e+00 7.3812274777162989e-01 7.3812296547814737e-01 
1624 2.4564047936692477e+00 7.3812274803957467e-01 7.3812296521020260e-01 
1626 2.4564047934022883e+00 7.3812274830653424e-01 7.3812296494324325e-01 
1628 2.4564047931363122e+00 7.3812274857251037e-01 7.3812296467726712e-01 
1630 2.4564047928713157e+00 7.3812274883750661e-01 7.3812296441227065e-01 
1632 2.4564047926072945e+00 7.3812274910152809e-01 7.3812296414824941e-01 
1634 2.4564047923442400e+00 7.3812274936458211e-01 7.3812296388519494e-01 
1636 2.4564047920821492e+00 7.3812274962667312e-01 7.3812296362310414e-01 
1638 2.4564047918210195e+00 7.3812274988780335e-01 7.3812296336197436e-01 
1640 2.4564047915608440e+00 7.3812275014797812e-01 7.3812296310179892e-01 
1642 2.4564047913016180e+00 7.3812275040720454e-01 7.3812296284257295e-01 
1644 2.4564047910433398e+00 7.3812275066548305e-01 7.3812296258429466e-01 
1646 2.4564047907859985e+00 7.3812275092282409e-01 7.3812296232695340e-01 
1648 2.4564047905295965e+00 7.3812275117922588e-01 7.3812296207055139e-01 
1650 2.4564047902741253e+00 7.3812275143469686e-01 7.3812296181508019e-01 
1652 2.4564047900195831e+00 7.3812275168923924e-01 7.3812296156053803e-01 
1654 2.4564047897659607e+00 7.3812275194286148e-01 7.3812296130691557e-01 
1656 2.4564047895132597e+00 7.3812275219556245e-01 7.3812296105421460e-01 
1658 2.4564047892614704e+00 7.3812275244735215e-01 7.3812296080242534e-01 
1660 2.4564047890105911e+00 7.3812275269823147e-01 7.3812296055154603e-01 
1662 2.4564047887606182e+00 7.3812275294820462e-01 7.3812296030157309e-01 
1664 2.4564047885115450e+00 7.3812275319727783e-01 7.3812296005249989e-01 
1666 2.4564047882633688e+00 7.3812275344545375e-01 7.3812295980432374e-01 
1668 2.4564047880160831e+00 7.3812275369273905e-01 7.3812295955703799e-01 
1670 2.4564047877696882e+00 7.3812275393913440e-01 7.3812295931064309e-01 
1672 2.4564047875241748e+00 7.3812275418464734e-01 7.3812295906512970e-01 
1674 2.4564047872795416e+00 7.3812275442928099e-01 7.3812295882049650e-01 
1676 2.4564047870357832e+00 7.3812275467303956e-01 7.3812295857673815e-01 
1678 2.4564047867928958e+00 7.3812275491592683e-01 7.3812295833385067e-01 
1680 2.4564047865508765e+00 7.3812275515794612e-01 7.3812295809183137e-01 
1682 2.4564047863097200e+00 7.3812275539910277e-01 7.3812295785067494e-01 
1684 2.4564047860694216e+00 7.3812275563940122e-01 7.3812295761037650e-01 
1686 2.4564047858299767e+00 7.3812275587884546e-01 7.3812295737093159e-01 
1688 2.4564047855913822e+00 7.3812275611744060e-01 7.3812295713233711e-01 
1690 2.4564047853536355e+00 7.3812275635518665e-01 7.3812295689459040e-01 
1692 2.4564047851167325e+00 7.3812275659208981e-01 7.3812295665768746e-01 
1694 2.4564047848806672e+00 7.3812275682815542e-01 7.3812295642162207e-01 
1696 2.4564047846454367e+00 7.3812275706338593e-01 7.3812295618639157e-01 
1698 2.4564047844110362e+00 7.3812275729778665e-01 7.3812295595199107e-01 
1700 2.4564047841774617e+00 7.3812275753136070e-01 7.3812295571841657e-01 
1702 2.4564047839447114e+00 7.3812275776411074e-01 7.3812295548566631e-01 
1704 2.4564047837127818e+00 7.3812275799604077e-01 7.3812295525373672e-01 
1706 2.4564047834816645e+00 7.3812275822715834e-01 7.3812295502261938e-01 
1708 2.4564047832513585e+00 7.3812275845746367e-01 7.3812295479231338e-01 
1710 2.4564047830218616e+00 7.3812275868696053e-01 7.3812295456281651e-01 
1712 2.4564047827931690e+00 7.3812275891565338e-01 7.3812295433412389e-01 
1714 2.4564047825652748e+00 7.3812275914354752e-01 7.3812295410622975e-01 
1716 2.4564047823381800e+00 7.3812275937064231e-01 7.3812295387913496e-01 
1718 2.4564047821118753e+00 7.3812275959694751e-01 7.3812295365283020e-01 
1720 2.4564047818863597e+00 7.3812275982246245e-01 7.3812295342731460e-01 
1722 2.4564047816616310e+00 7.3812276004719135e-01 7.3812295320258592e-01 
1724 2.4564047814376826e+00 7.3812276027114021e-01 7.3812295297863750e-01 
1726 2.4564047812145122e+00 7.3812276049431014e-01 7.3812295275546713e-01 
1728 2.4564047809921150e+00 7.3812276071670735e-01 7.3812295253306992e-01 
1730 2.4564047807704918e+00 7.3812276093833029e-01 7.3812295231144676e-01 
1732 2.4564047805496343e+00 7.3812276115918851e-01 7.3812295209058920e-01 
1734 2.4564047803295406e+00 7.3812276137928201e-01 7.3812295187049548e-01 
1736 2.4564047801102067e+00 7.3812276159861590e-01 7.3812295165116160e-01 
1738 2.4564047798916300e+00 7.3812276181719261e-01 7.3812295143258488e-01 
1740 2.4564047796738069e+00 7.3812276203501548e-01 7.3812295121476179e-01 
1742 2.4564047794567330e+00 7.3812276225208939e-01 7.3812295099768788e-01 
1744 2.4564047792404060e+00 7.3812276246841613e-01 7.3812295078136092e-01 
1746 2.4564047790248202e+00 7.3812276268400212e-01 7.3812295056577515e-01 
1748 2.4564047788099770e+00 7.3812276289884582e-01 7.3812295035093189e-01 
1750 2.4564047785958683e+00 7.3812276311295433e-01 7.3812295013682316e-01 
1752 2.4564047783824927e+00 7.3812276332632965e-01 7.3812294992344762e-01 
1754 2.4564047781698455e+00 7.3812276353897688e-01 7.3812294971080039e-01 
1756 2.4564047779579266e+00 7.3812276375089603e-01 7.3812294949888146e-01 
1758 2.4564047777467284e+00 7.3812276396209442e-01 7.3812294928768329e-01 
1760 2.4564047775362496e+00 7.3812276417257250e-01 7.3812294907720455e-01 
1762 2.4564047773264894e+00 7.3812276438233337e-01 7.3812294886744434e-01 
1764 2.4564047771174429e+00 7.3812276459137971e-01 7.3812294865839778e-01 
1766 2.4564047769091033e+00 7.3812276479971883e-01 7.3812294845005821e-01 
1768 2.4564047767014729e+00 7.3812276500734941e-01 7.3812294824242786e-01 
1770 2.4564047764945443e+00 7.3812276521427811e-01 7.3812294803549916e-01 
1772 2.4564047762883163e+00 7.3812276542050648e-01 7.3812294782927124e-01 
1774 2.4564047760827852e+00 7.3812276562603718e-01 7.3812294762374009e-01 
1776 2.4564047758779486e+00 7.3812276583087422e-01 7.3812294741890350e-01 
1778 2.4564047756738012e+00 7.3812276603502092e-01 7.3812294721475613e-01 
1780 2.4564047754703426e+00 7.3812276623847994e-01 7.3812294701129755e-01 
1782 2.4564047752675702e+00 7.3812276644125263e-01 7.3812294680852508e-01 
1784 2.4564047750654781e+00 7.3812276664334453e-01 7.3812294660643296e-01 
1786 2.4564047748640636e+00 7.3812276684475919e-01 7.3812294640501852e-01 
1788 2.4564047746633251e+00 7.3812276704549751e-01 7.3812294620427998e-01 
1790 2.4564047744632593e+00 7.3812276724556303e-01 7.3812294600421424e-01 
1792 2.4564047742638633e+00 7.3812276744495886e-01 7.3812294580481819e-01 
1794 2.4564047740651342e+00 7.3812276764368856e-01 7.3812294560608915e-01 
1796 2.4564047738670673e+00 7.3812276784175479e-01 7.3812294540802226e-01 
1798 2.4564047736696644e+00 7.3812276803915844e-01 7.3812294521061927e-01 
1800 2.4564047734729142e+00 7.3812276823590839e-01 7.3812294501386910e-01 
1802 2.4564047732768217e+00 7.3812276843200109e-01 7.3812294481777663e-01 
1804 2.4564047730813807e+00 7.3812276862744186e-01 7.3812294462233563e-01 
1806 2.4564047728865881e+00 7.3812276882223449e-01 7.3812294442754300e-01 
1808 2.4564047726924434e+00 7.3812276901637941e-01 7.3812294423339830e-01 
1810 2.4564047724989404e+00 7.3812276920988240e-01 7.3812294403989531e-01 
1812 2.4564047723060765e+00 7.3812276940274568e-01 7.3812294384703137e-01 
1814 2.4564047721138511e+00 7.3812276959497147e-01 7.3812294365480602e-01 
1816 2.4564047719222604e+00 7.3812276978656222e-01 7.3812294346321528e-01 
1818 2.4564047717313029e+00 7.3812276997751991e-01 7.3812294327225780e-01 
1820 2.4564047715409729e+00 7.3812277016784922e-01 7.3812294308192783e-01 
1822 2.4564047713512704e+00 7.3812277035755236e-01 7.3812294289222535e-01 
1824 2.4564047711621919e+00 7.3812277054663045e-01 7.3812294270314682e-01 
1826 2.4564047709737342e+00 7.3812277073508814e-01 7.3812294251468913e-01 
1828 2.4564047707858929e+00 7.3812277092292944e-01 7.3812294232684783e-01 
1830 2.4564047705986694e+00 7.3812277111015323e-01 7.3812294213962426e-01 
1832 2.4564047704120577e+00 7.3812277129676507e-01 7.3812294195301265e-01 
1834 2.4564047702260581e+00 7.3812277148276451e-01 7.3812294176701299e-01 
1836 2.4564047700406637e+00 7.3812277166815843e-01 7.3812294158161862e-01 
1838 2.4564047698558751e+00 7.3812277185294706e-01 7.3812294139682999e-01 
1840 2.4564047696716873e+00 7.3812277203713528e-01 7.3812294121264221e-01 
1842 2.4564047694881004e+00 7.3812277222072220e-01 7.3812294102905529e-01 
1844 2.4564047693051099e+00 7.3812277240371271e-01 7.3812294084606478e-01 
1846 2.4564047691227153e+00 7.3812277258610748e-01 7.3812294066367024e-01 
1848 2.4564047689409114e+00 7.3812277276791094e-01 7.3812294048186633e-01 
1850 2.4564047687596973e+00 7.3812277294912532e-01 7.3812294030065217e-01 
1852 2.4564047685790689e+00 7.3812277312975394e-01 7.3812294012002377e-01 
1854 2.4564047683990258e+00 7.3812277330979659e-01 7.3812293993998068e-01 
1856 2.4564047682195636e+00 7.3812277348925903e-01 7.3812293976051846e-01 
1858 2.4564047680406822e+00 7.3812277366813994e-01 7.3812293958163711e-01 
1860 2.4564047678623764e+00 7.3812277384644576e-01 7.3812293940333129e-01 
1862 2.4564047676846443e+00 7.3812277402417781e-01 7.3812293922559924e-01 
1864 2.4564047675074843e+00 7.3812277420133787e-01 7.3812293904843918e-01 
1866 2.4564047673308949e+00 7.3812277437792773e-01 7.3812293887184977e-01 
1868 2.4564047671548721e+00 7.3812277455395070e-01 7.3812293869582701e-01 
1870 2.4564047669794133e+00 7.3812277472940901e-01 7.3812293852036825e-01 
1872 2.4564047668045146e+00 7.3812277490430822e-01 7.3812293834546949e-01 
1874 2.4564047666301767e+00 7.3812277507864610e-01 7.3812293817113162e-01 
1876 2.4564047664563975e+00 7.3812277525242509e-01 7.3812293799735240e-01 
1878 2.4564047662831734e+00 7.3812277542564875e-01 7.3812293782412830e-01 
1880 2.4564047661105017e+00 7.3812277559832062e-01 7.3812293765145665e-01 
1882 2.4564047659383790e+00 7.3812277577044361e-01 7.3812293747933388e-01 
1884 2.4564047657668051e+00 7.3812277594201769e-01 7.3812293730776002e-01 
1886 2.4564047655957766e+00 7.3812277611304622e-01 7.3812293713673149e-01 
1888 2.4564047654252898e+00 7.3812277628353296e-01 7.3812293696624476e-01 
1890 2.4564047652553453e+00 7.3812277645347679e-01 7.3812293679630026e-01 
1892 2.4564047650859400e+00 7.3812277662288239e-01 7.3812293662689488e-01 
1894 2.4564047649170693e+00 7.3812277679175287e-01 7.3812293645802418e-01 
1896 2.4564047647487346e+00 7.3812277696008777e-01 7.3812293628968950e-01 
1898 2.4564047645809297e+00 7.3812277712789287e-01 7.3812293612188462e-01 
1900 2.4564047644136560e+00 7.3812277729516662e-01 7.3812293595461087e-01 
1902 2.4564047642469111e+00 7.3812277746191124e-01 7.3812293578786603e-01 
1904 2.4564047640806881e+00 7.3812277762813405e-01 7.3812293562164299e-01 
1906 2.4564047639149904e+00 7.3812277779383173e-01 7.3812293545594532e-01 
1908 2.4564047637498123e+00 7.3812277795901049e-01 7.3812293529076722e-01 
1910 2.4564047635851534e+00 7.3812277812366922e-01 7.3812293512610827e-01 
1912 2.4564047634210113e+00 7.3812277828781081e-01 7.3812293496196624e-01 
1914 2.4564047632573831e+00 7.3812277845143948e-01 7.3812293479833802e-01 
1916 2.4564047630942660e+00 7.3812277861455633e-01 7.3812293463522094e-01 
1918 2.4564047629316610e+00 7.3812277877716159e-01 7.3812293447261590e-01 
1920 2.4564047627695618e+00 7.3812277893926104e-01 7.3812293431051668e-01 
1922 2.4564047626079706e+00 7.3812277910085178e-01 7.3812293414892549e-01 
1924 2.4564047624468803e+00 7.3812277926194203e-01 7.3812293398783524e-01 
1926 2.4564047622862928e+00 7.3812277942253002e-01 7.3812293382724770e-01 
1928 2.4564047621262062e+00 7.3812277958261641e-01 7.3812293366716109e-01 
1930 2.4564047619666147e+00 7.3812277974220741e-01 7.3812293350756963e-01 
1932 2.4564047618075193e+00 7.3812277990130282e-01 7.3812293334847423e-01 
1934 2.4564047616489173e+00 7.3812278005990484e-01 7.3812293318987221e-01 
1936 2.4564047614908073e+00 7.3812278021801503e-01 7.3812293303176224e-01 
1938 2.4564047613331872e+00 7.3812278037563495e-01 7.3812293287414210e-01 
1940 2.4564047611760524e+00 7.3812278053276970e-01 7.3812293271700735e-01 
1942 2.4564047610194049e+00 7.3812278068941772e-01 7.3812293256035977e-01 
1944 2.4564047608632396e+00 7.3812278084558325e-01 7.3812293240419447e-01 
1946 2.4564047607075556e+00 7.3812278100126694e-01 7.3812293224851055e-01 
1948 2.4564047605523509e+00 7.3812278115647190e-01 7.3812293209330582e-01 
1950 2.4564047603976213e+00 7.3812278131120101e-01 7.3812293193857625e-01 
1952 2.4564047602433696e+00 7.3812278146545252e-01 7.3812293178432453e-01 
1954 2.4564047600895900e+00 7.3812278161923217e-01 7.3812293163054488e-01 
1956 2.4564047599362842e+00 7.3812278177253843e-01 7.3812293147723906e-01 
1958 2.4564047597834451e+00 7.3812278192537728e-01 7.3812293132439999e-01 
1960 2.4564047596310759e+00 7.3812278207774695e-01 7.3812293117203076e-01 
1962 2.4564047594791703e+00 7.3812278222965233e-01 7.3812293102012516e-01 
1964 2.4564047593277301e+00 7.3812278238109230e-01 7.3812293086868497e-01 
1966 2.4564047591767513e+00 7.3812278253207109e-01 7.3812293071770618e-01 
1968 2.4564047590262339e+00 7.3812278268258891e-01 7.3812293056718881e-01 
1970 2.4564047588761726e+00 7.3812278283265020e-01 7.3812293041712751e-01 
1972 2.4564047587265700e+00 7.3812278298225276e-01 7.3812293026752496e-01 
1974 2.4564047585774196e+00 7.3812278313140300e-01 7.3812293011837449e-01 
1976 2.4564047584287212e+00 7.3812278328010095e-01 7.3812292996967610e-01 
1978 2.4564047582804758e+00 7.3812278342834681e-01 7.3812292982143068e-01 
1980 2.4564047581326789e+00 7.3812278357614391e-01 7.3812292967363380e-01 
1982 2.4564047579853292e+00 7.3812278372349338e-01 7.3812292952628411e-01 
1984 2.4564047578384254e+00 7.3812278387039743e-01 7.3812292937938029e-01 
1986 2.4564047576919630e+00 7.3812278401685982e-01 7.3812292923291789e-01 
1988 2.4564047575459447e+00 7.3812278416287791e-01 7.3812292908689958e-01 
1990 2.4564047574003647e+00 7.3812278430845746e-01 7.3812292894131959e-01 
1992 2.4564047572552230e+00 7.3812278445359913e-01 7.3812292879617791e-01 
1994 2.4564047571105201e+00 7.3812278459830205e-01 7.3812292865147500e-01 
1996 2.4564047569662510e+00 7.3812278474257131e-01 7.3812292850720596e-01 
1998 2.4564047568224137e+00 7.3812278488640892e-01 7.3812292836336857e-01 
2000 2.4564047566790093e+00 7.3812278502981310e-01 7.3812292821996417e-01 
2002 2.4564047565360330e+00 7.3812278517278962e-01 7.3812292807698787e-01 
2004 2.4564047563934852e+00 7.3812278531533693e-01 7.3812292793444012e-01 
2006 2.4564047562513633e+00 7.3812278545745924e-01 7.3812292779231825e-01 
2008 2.4564047561096651e+00 7.3812278559915745e-01 7.3812292765062004e-01 
2010 2.4564047559683924e+00 7.3812278574043000e-01 7.3812292750934727e-01 
2012 2.4564047558275379e+00 7.3812278588128422e-01 7.3812292736849283e-01 
2014 2.4564047556871054e+00 7.3812278602171721e-01 7.3812292722806028e-01 
2016 2.4564047555470885e+00 7.3812278616173388e-01 7.3812292708804339e-01 
2018 2.4564047554074873e+00 7.3812278630133532e-01 7.3812292694844217e-01 
2020 2.4564047552683026e+00 7.3812278644051976e-01 7.3812292680925751e-01 
2022 2.4564047551295300e+00 7.3812278657929276e-01 7.3812292667048496e-01 
2024 2.4564047549911678e+00 7.3812278671765452e-01 7.3812292653212275e-01 
2026 2.4564047548532151e+00 7.3812278685560706e-01 7.3812292639416999e-01 
2028 2.4564047547156735e+00 7.3812278699314926e-01 7.3812292625662845e-01 
2030 2.4564047545785361e+00 7.3812278713028623e-01 7.3812292611949104e-01 
2032 2.4564047544418024e+00 7.3812278726701996e-01 7.3812292598275731e-01 
2034 2.4564047543054714e+00 7.3812278740335091e-01 7.3812292584642636e-01 
2036 2.4564047541695428e+00 7.3812278753927973e-01 7.3812292571049776e-01 
2038 2.4564047540340144e+00 7.3812278767480777e-01 7.3812292557496928e-01 
2040 2.4564047538988847e+00 7.3812278780993767e-01 7.3812292543983959e-01 
2042 2.4564047537641525e+00 7.3812278794467034e-01 7.3812292530510737e-01 
2044 2.4564047536298133e+00 7.3812278807900888e-01 7.3812292517076816e-01 
2046 2.4564047534958702e+00 7.3812278821295196e-01 7.3812292503682508e-01 
2048 2.4564047533623179e+00 7.3812278834650491e-01 7.3812292490327280e-01 
