-5.0000000000000000e+00 1.5974440894568689e-03 1.5974440894568689e-03 0.0000000000000000e+00
-4.9899899899899900e+00 1.6038492317279000e-03 1.6511692359227379e+05 -1.6511692198842455e+05
-4.9799799799799800e+00 1.6102929538494729e-03 2.9282432946524001e+05 -2.9282432785494707e+05
-4.9699699699699700e+00 1.6167755661120201e-03 3.8885939741555735e+05 -3.8885939579878177e+05
-4.9599599599599600e+00 1.6232973819300632e-03 4.5824649190653191e+05 -4.5824649028323451e+05
-4.9499499499499500e+00 1.6298587178800118e-03 5.0537333185014490e+05 -5.0537333022028615e+05
-4.9399399399399400e+00 1.6364598937385017e-03 5.3405995896300289e+05 -5.3405995732654305e+05
-4.9299299299299300e+00 1.6431012325212691e-03 5.4762111783459398e+05 -5.4762111619149277e+05
-4.9199199199199199e+00 1.6497830605225815e-03 5.4892261212754273e+05 -5.4892261047775962e+05
-4.9099099099099099e+00 1.6565057073552297e-03 5.4043215752201015e+05 -5.4043215586550441e+05
-4.8998998998998999e+00 1.6632695059910856e-03 5.2426521130906342e+05 -5.2426520964579389e+05
-4.8898898898898899e+00 1.6700747928022446e-03 5.0222622072976304e+05 -5.0222621905968827e+05
-4.8798798798798799e+00 1.6769219076027506e-03 4.7584569705916126e+05 -4.7584569538223936e+05
-4.8698698698698699e+00 1.6838111936909256e-03 4.4641348986959492e+05 -4.4641348818578373e+05
-4.8598598598598599e+00 1.6907429978923029e-03 4.1500860570874432e+05 -4.1500860401800129e+05
-4.8498498498498499e+00 1.6977176706031800e-03 3.8252588743797777e+05 -3.8252588574026013e+05
-4.8398398398398399e+00 1.7047355658348006e-03 3.4969984454821848e+05 -3.4969984284348291e+05
-4.8298298298298299e+00 1.7117970412581743e-03 3.1712590076555178e+05 -3.1712589905375475e+05
-4.8198198198198199e+00 1.7189024582495460e-03 2.8527930304722709e+05 -2.8527930132832465e+05
-4.8098098098098099e+00 1.7260521819365236e-03 2.5453191552868392e+05 -2.5453191380263175e+05
-4.7997997997997999e+00 1.7332465812448811e-03 2.2516710299950340e+05 -2.2516710126625682e+05
-4.7897897897897899e+00 1.7404860289460394e-03 1.9739289095359156e+05 -1.9739288921310552e+05
-4.7797797797797799e+00 1.7477709017052422e-03 1.7135357307593268e+05 -1.7135357132816178e+05
-4.7697697697697699e+00 1.7551015801304383e-03 1.4713992210091709e+05 -1.4713992034581551e+05
-4.7597597597597598e+00 1.7624784488218784e-03 1.2479814621731736e+05 -1.2479814445483891e+05
-4.7497497497497498e+00 1.7699018964224440e-03 1.0433772052002251e+05 -1.0433771875012062e+05
-4.7397397397397398e+00 1.7773723156687148e-03 8.5738211341401911e+04 -8.5738209564029603e+04
-4.7297297297297298e+00 1.7848901034427909e-03 6.8955200563471008e+04 -6.8955198778580903e+04
-4.7197197197197198e+00 1.7924556608248825e-03 5.3925407148318933e+04 -5.3925405355863273e+04
-4.7097097097097098e+00 1.8000693931466765e-03 4.0571094065451893e+04 -4.0571092265382496e+04
-4.6996996996996998e+00 1.8077317100455004e-03 2.8803840481851556e+04 -2.8803838674119845e+04
-4.6896896896896898e+00 1.8154430255192860e-03 1.8527751458581264e+04 -1.8527749643138239e+04
-4.6796796796796798e+00 1.8232037579823590e-03 9.6421704153469109e+03 -9.6421685921431526e+03
-4.6696696696696698e+00 1.8310143303220589e-03 2.0439532335814204e+03 -2.0439514025670901e+03
-4.6596596596596598e+00 1.8388751699562091e-03 -4.3706429753034117e+03 4.3706448141785813e+03
-4.6496496496496498e+00 1.8467867088914468e-03 -9.7044087485211112e+03 9.7044105953078197e+03
-4.6396396396396398e+00 1.8547493837824361e-03 -1.4057925981602524e+04 1.4057927836351908e+04
-4.6296296296296298e+00 1.8627636359919660e-03 -1.7528568095275841e+04 1.7528569958039476e+04
-4.6196196196196198e+00 1.8708299116519643e-03 -2.0209722330778583e+04 2.0209724201608493e+04
-4.6096096096096097e+00 1.8789486617254280e-03 -2.2190203524526278e+04 2.2190205403474938e+04
-4.5995995995995997e+00 1.8871203420693012e-03 -2.3553832056339030e+04 2.3553833943459373e+04
-4.5895895895895897e+00 1.8953454134983015e-03 -2.4379151699293951e+04 2.4379153594639363e+04
-4.5795795795795797e+00 1.9036243418497241e-03 -2.4739265848796120e+04 2.4739267752420463e+04
-4.5695695695695697e+00 1.9119575980492349e-03 -2.4701773096896875e+04 2.4701775008854474e+04
-4.5595595595595597e+00 1.9203456581776684e-03 -2.4328785366808072e+04 2.4328787287153729e+04
-4.5495495495495497e+00 1.9287890035388528e-03 -2.3677013851948410e+04 2.3677015780737413e+04
-4.5395395395395397e+00 1.9372881207284753e-03 -2.2797909832229179e+04 2.2797911769517301e+04
-4.5295295295295297e+00 1.9458435017040132e-03 -2.1737849084770722e+04 2.1737851030614223e+04
-4.5195195195195197e+00 1.9544556438557364e-03 -2.0538350082690053e+04 2.0538352037145698e+04
-4.5095095095095097e+00 1.9631250500788170e-03 -1.9236317498655531e+04 1.9236319461780582e+04
-4.4994994994994997e+00 1.9718522288465546e-03 -1.7864303713097604e+04 1.7864305684949832e+04
-4.4894894894894897e+00 1.9806376942847342e-03 -1.6450782082775244e+04 1.6450784063412939e+04
-4.4794794794794797e+00 1.9894819662471526e-03 -1.5020426665342926e+04 1.5020428654824893e+04
-4.4694694694694697e+00 1.9983855703923142e-03 -1.3594393930244441e+04 1.3594395928630012e+04
-4.4594594594594597e+00 2.0073490382613332e-03 -1.2190602725447450e+04 1.2190604732796488e+04
-4.4494494494494496e+00 2.0163729073570556e-03 -1.0824009422207309e+04 1.0824011438580217e+04
-4.4394394394394396e+00 2.0254577212244209e-03 -9.5068757344669939e+03 9.5068777599247151e+03
-4.4294294294294296e+00 2.0346040295320970e-03 -8.2490272132403752e+03 8.2490292478444044e+03
-4.4194194194194196e+00 2.0438123881553970e-03 -7.0581008563433834e+03 7.0581029001557717e+03
-4.4094094094094096e+00 2.0530833592605131e-03 -5.9397806565025639e+03 5.9397827095859229e+03
-4.3993993993993996e+00 2.0624175113900817e-03 -4.8980202420148080e+03 4.8980223044323193e+03
-4.3893893893893896e+00 2.0718154195501115e-03 -3.9352520490904935e+03 3.9352541209059132e+03
-4.3793793793793796e+00 2.0812776652982951e-03 -3.0525827086548184e+03 3.0525847899324835e+03
-4.3693693693693696e+00 2.0908048368337329e-03 -2.2499745371525646e+03 2.2499766279574014e+03
-4.3593593593593596e+00 2.1003975290880880e-03 -1.5264131948497195e+03 1.5264152952472487e+03
-4.3493493493493496e+00 2.1100563438182065e-03 -8.8006171993375165e+02 8.8006382999009543e+02
-4.3393393393393396e+00 2.1197818897002291e-03 -3.0840126573217600e+02 3.0840338551406569e+02
-4.3293293293293296e+00 2.1295747824252114e-03 1.9164103536773223e+02 -1.9163890579294980e+02
-4.3193193193193196e+00 2.1394356447962952e-03 6.2357658145392270e+02 -6.2357444201827786e+02
-4.3093093093093096e+00 2.1493651068274521e-03 9.9125162548758908e+02 -9.9124947612248229e+02
-4.2992992992992995e+00 2.1593638058438236e-03 1.2987548124915531e+03 -1.2987526531277474e+03
-4.2892892892892895e+00 2.1694323865836993e-03 1.5503352972167513e+03 -1.5503331277843647e+03
-4.2792792792792795e+00 2.1795715013021525e-03 1.7503307911550744e+03 -1.7503286115835731e+03
-4.2692692692692695e+00 2.1897818098763734e-03 1.9031048787323741e+03 -1.9031026889505642e+03
-4.2592592592592595e+00 2.2000639799127212e-03 2.0129929418022753e+03 -2.0129907417382954e+03
-4.2492492492492495e+00 2.2104186868555386e-03 2.0842560378615635e+03 -2.0842538274428766e+03
-4.2392392392392395e+00 2.2208466140977517e-03 2.1210420895560196e+03 -2.1210398687094057e+03
-4.2292292292292295e+00 2.2313484530932992e-03 2.1273537600067871e+03 -2.1273515286583338e+03
-4.2192192192192195e+00 2.2419249034714137e-03 2.1070224093445759e+03 -2.1070201674196724e+03
-4.2092092092092095e+00 2.2525766731528018e-03 2.0636875517833287e+03 -2.0636852992066556e+03
-4.1991991991991995e+00 2.2633044784677475e-03 2.0007812588852541e+03 -2.0007789955807757e+03
-4.1891891891891895e+00 2.2741090442761885e-03 1.9215169827423470e+03 -1.9215147086333027e+03
-4.1791791791791795e+00 2.2849911040897894e-03 1.8288823020836908e+03 -1.8288800170925867e+03
-4.1691691691691695e+00 2.2959514001960608e-03 1.7256351243423953e+03 -1.7256328283909952e+03
-4.1591591591591595e+00 2.3069906837845568e-03 1.6143029070766322e+03 -1.6143006000859484e+03
-4.1491491491491495e+00 2.3181097150751953e-03 1.4971844924897957e+03 -1.4971821743800806e+03
-4.1391391391391394e+00 2.3293092634487354e-03 1.3763541788415505e+03 -1.3763518495322871e+03
-4.1291291291291294e+00 2.3405901075794640e-03 1.2536676820390453e+03 -1.2536653414489376e+03
-4.1191191191191194e+00 2.3519530355701240e-03 1.1307696694410577e+03 -1.1307673174880222e+03
-4.1091091091091094e+00 2.3633988450891315e-03 1.0091025757310686e+03 -1.0091002123322235e+03
-4.0990990990990994e+00 2.3749283435101289e-03 8.8991643748509023e+02 -8.8991406255674667e+02
-4.0890890890890894e+00 2.3865423480539153e-03 7.7427950867203026e+02 -7.7427712212968220e+02
-4.0790790790790794e+00 2.3982416859328021e-03 6.6308944370113238e+02 -6.6308704545944647e+02
-4.0690690690690694e+00 2.4100271944974463e-03 5.5708485771670530e+02 -5.5708244768951079e+02
-4.0590590590590594e+00 2.4218997213861968e-03 4.5685709559982462e+02 -4.5685467370010321e+02
-4.0490490490490494e+00 2.4338601246770178e-03 3.6286206155148790e+02 -3.6285962769136324e+02
-4.0390390390390394e+00 2.4459092730420339e-03 2.7543198019845221e+02 -2.7542953428917917e+02
-4.0290290290290294e+00 2.4580480459047449e-03 1.9478697789076475e+02 -1.9478451984271885e+02
-4.0190190190190194e+00 2.4702773335999709e-03 1.2104638926895205e+02 -1.2104391899161845e+02
-4.0090090090090094e+00 2.4825980375365753e-03 5.4239709297775910e+01 -5.4237226699738372e+01
-3.9989989989989989e+00 2.4950110703630267e-03 -5.6828751710106529e+00 5.6853701820810159e+00
-3.9889889889889889e+00 2.5075173561358460e-03 -5.8840427589846207e+01 5.8842935107202344e+01
-3.9789789789789789e+00 2.5201178304910146e-03 -1.0541171945234115e+02 1.0541423957017163e+02
-3.9689689689689689e+00 2.5328134408183836e-03 -1.4562623498897466e+02 1.4562876780241547e+02
-3.9589589589589589e+00 2.5456051464391562e-03 -1.7975574491396318e+02 1.7975829051910964e+02
-3.9489489489489489e+00 2.5584939187865011e-03 -2.0810646299750235e+02 2.0810902149142115e+02
-3.9389389389389389e+00 2.5714807415893612e-03 -2.3101179186457716e+02 2.3101436334531874e+02
-3.9289289289289289e+00 2.5845666110595215e-03 -2.4882565793605710e+02 2.4882824250266816e+02
-3.9189189189189189e+00 2.5977525360820044e-03 -2.6191642977203287e+02 2.6191902752456895e+02
-3.9089089089089089e+00 2.6110395384088582e-03 -2.7066140919425339e+02 2.7066402023379180e+02
-3.8988988988988988e+00 2.6244286528564042e-03 -2.7544188039762628e+02 2.7544450482627911e+02
-3.8888888888888888e+00 2.6379209275060253e-03 -2.7663869875509272e+02 2.7664133667602022e+02
-3.8788788788788788e+00 2.6515174239085536e-03 -2.7462839812220153e+02 2.7463104963962542e+02
-3.8688688688688688e+00 2.6652192172923438e-03 -2.6977979310563512e+02 2.6978245832485243e+02
-3.8588588588588588e+00 2.6790273967750976e-03 -2.6245105092402815e+02 2.6245372995142492e+02
-3.8488488488488488e+00 2.6929430655795259e-03 -2.5298720611194756e+02 2.5298989905501313e+02
-3.8388388388388388e+00 2.7069673412529207e-03 -2.4171809035348176e+02 2.4172079732082301e+02
-3.8288288288288288e+00 2.7211013558907280e-03 -2.2895664913731844e+02 2.2895937023867432e+02
-3.8188188188188188e+00 2.7353462563641895e-03 -2.1499761665976766e+02 2.1500035200602403e+02
-3.8088088088088088e+00 2.7497032045521504e-03 -2.0011652042744731e+02 2.0011927013065187e+02
-3.7987987987987988e+00 2.7641733775771245e-03 -1.8456898729134699e+02 1.8457175146472457e+02
-3.7887887887887888e+00 2.7787579680456855e-03 -1.6859032314505731e+02 1.6859310190302537e+02
-3.7787787787787788e+00 2.7934581842932985e-03 -1.5239533921080138e+02 1.5239813266898568e+02
-3.7687687687687688e+00 2.8082752506336721e-03 -1.3617839868859315e+02 1.3618120696384378e+02
-3.7587587587587588e+00 2.8232104076127301e-03 -1.2011365852954359e+02 1.2011648173995120e+02
-3.7487487487487487e+00 2.8382649122673004e-03 -1.0435548218952162e+02 1.0435832045443389e+02
-3.7387387387387387e+00 2.8534400383886226e-03 -8.9039000401530288e+01 8.9041853841568681e+01
-3.7287287287287287e+00 2.8687370767907774e-03 -7.4280798253828053e+01 7.4283666990904848e+01
-3.7187187187187187e+00 2.8841573355841373e-03 -6.0179708157442668e+01 6.0182592314778255e+01
-3.7087087087087087e+00 2.8997021404539580e-03 -4.6817689614618935e+01 4.6820589316759389e+01
-3.6986986986986987e+00 2.9153728349442056e-03 -3.4260778043903699e+01 3.4263693416738640e+01
-3.6886886886886887e+00 2.9311707807467475e-03 -2.2560086264733567e+01 2.2563017435514315e+01
-3.6786786786786787e+00 2.9470973579960131e-03 -1.1752843582756592e+01 1.1755790680114588e+01
-3.6686686686686687e+00 2.9631539655692427e-03 -1.8634587364100375e+00 1.8664218903756067e+00
-3.6586586586586587e+00 2.9793420213924545e-03 7.0954057434556406e+00 -7.0924264014342482e+00
-3.6486486486486487e+00 2.9956629627522460e-03 1.5121758953533108e+01 -1.5118763290570357e+01
-3.6386386386386387e+00 3.0121182466135601e-03 2.2223216796810391e+01 -2.2220204678563778e+01
-3.6286286286286287e+00 3.0287093499435438e-03 2.8415955733492691e+01 -2.8412927024142746e+01
-3.6186186186186187e+00 3.0454377700416414e-03 3.3723692803585408e+01 -3.3720647365815367e+01
-3.6086086086086087e+00 3.0623050248760482e-03 3.8176698562181045e+01 -3.8173636257156168e+01
-3.5985985985985987e+00 3.0793126534266759e-03 4.1810848568107758e+01 -4.1807769255454332e+01
-3.5885885885885886e+00 3.0964622160347642e-03 4.4666718126146371e+01 -4.4663621663930336e+01
-3.5785785785785786e+00 3.1137552947592935e-03 4.6788724103684075e+01 -4.6785610348389312e+01
-3.5685685685685686e+00 3.1311934937403459e-03 4.8224316825009950e+01 -4.8221185631516207e+01
-3.5585585585585586e+00 3.1487784395695722e-03 4.9023224290475476e+01 -4.9020075512035909e+01
-3.5485485485485486e+00 3.1665117816679239e-03 4.9236750272962269e+01 -4.9233583761180604e+01
-3.5385385385385386e+00 3.1843951926708081e-03 4.8917127209604338e+01 -4.8913942814411669e+01
-3.5285285285285286e+00 3.2024303688208407e-03 4.8116924231218327e+01 -4.8113721800849504e+01
-3.5185185185185186e+00 3.2206190303683611e-03 4.6888510153785795e+01 -4.6885289534755429e+01
-3.5085085085085086e+00 3.2389629219798932e-03 4.5283570793722582e+01 -4.5280331830800606e+01
-3.4984984984984986e+00 3.2574638131547267e-03 4.3352679559441711e+01 -4.3349422095628555e+01
-3.4884884884884886e+00 3.2761234986497956e-03 4.1144919913560777e+01 -4.1141643790062126e+01
-3.4784784784784786e+00 3.2949437989130696e-03 3.8707557990562449e+01 -3.8704263046763536e+01
-3.4684684684684686e+00 3.3139265605256229e-03 3.6085763391214094e+01 -3.6082449464653571e+01
-3.4584584584584586e+00 3.3330736566525984e-03 3.3322375954928432e+01 -3.3319042881271777e+01
-3.4484484484484486e+00 3.3523869875032608e-03 3.0457716131785954e+01 -3.0454363744798449e+01
-3.4384384384384385e+00 3.3718684808003666e-03 2.7529436434400409e+01 -2.7526064565919608e+01
-3.4284284284284285e+00 3.3915200922590410e-03 2.4572411343436055e+01 -2.4569019823343798e+01
-3.4184184184184185e+00 3.4113438060754029e-03 2.1618662966647541e+01 -2.1615251622841466e+01
-3.4084084084084085e+00 3.4313416354251574e-03 1.8697319707111511e+01 -1.8693888365476084e+01
-3.3983983983983985e+00 3.4515156229723881e-03 1.5834605179196155e+01 -1.5831153663573183e+01
-3.3883883883883881e+00 3.4718678413887889e-03 1.3053854618190774e+01 -1.3050382750349385e+01
-3.3783783783783781e+00 3.4924003938835804e-03 1.0375556058881347e+01 -1.0372063658487464e+01
-3.3683683683683681e+00 3.5131154147443680e-03 7.8174136072826039e+00 -7.8139004918678596e+00
-3.3583583583583581e+00 3.5340150698891862e-03 5.3944301959074537e+00 -5.3908961808375642e+00
-3.3483483483483480e+00 3.5551015574300121e-03 3.1190072941332763e+00 -3.1154521925758463e+00
-3.3383383383383380e+00 3.5763771082480047e-03 1.0010591393092636e+00 -9.9748276220101562e-01
-3.3283283283283280e+00 3.5978439865807623e-03 -9.5186084076727229e-01 9.5545868475385309e-01
-3.3183183183183180e+00 3.6195044906218773e-03 -2.7344236293797843e+00 2.7380431338704061e+00
-3.3083083083083080e+00 3.6413609531330830e-03 -4.3433803405538516e+00 4.3470217015069847e+00
-3.2982982982982980e+00 3.6634157420693029e-03 -5.7774120241317179e+00 5.7810754398737876e+00
-3.2882882882882880e+00 3.6856712612169033e-03 -7.0369753926225878e+00 7.0406610638838050e+00
-3.2782782782782780e+00 3.7081299508454802e-03 -8.1241461726128286e+00 8.1278543025636747e+00
-3.2682682682682680e+00 3.7307942883734973e-03 -9.0424616485744256e+00 9.0461924428627984e+00
-3.2582582582582580e+00 3.7536667890481173e-03 -9.7967638317775574e+00 9.8005174985666059e+00
-3.2482482482482480e+00 3.7767500066395810e-03 -1.0393044552759868e+01 1.0396821302766508e+01
-3.2382382382382380e+00 3.8000465341504704e-03 -1.0838293643392200e+01 1.0842093689926351e+01
-3.2282282282282280e+00 3.8235590045402460e-03 -1.1140351244860069e+01 1.1144174803864610e+01
-3.2182182182182180e+00 3.8472900914654148e-03 -1.1307765151607422e+01 1.1311612441698887e+01
-3.2082082082082080e+00 3.8712425100357216e-03 -1.1349653979120411e+01 1.1353525221630447e+01
-3.1981981981981980e+00 3.8954190175867691e-03 -1.1275576825928825e+01 1.1279472244946412e+01
-3.1881881881881879e+00 3.9198224144694630e-03 -1.1095409987849143e+01 1.1099329810263612e+01
-3.1781781781781779e+00 3.9444555448567035e-03 -1.0819231175683271e+01 1.0823175631228128e+01
-3.1681681681681679e+00 3.9693212975677643e-03 -1.0457211586635990e+01 1.0461180907933558e+01
-3.1581581581581579e+00 3.9944226069107951e-03 -1.0019516084870071e+01 1.0023510507476981e+01
-3.1481481481481479e+00 4.0197624535438983e-03 -9.5162116580591256e+00 9.5202314205126690e+00
-3.1381381381381379e+00 4.0453438653552673e-03 -8.9571842346391488e+00 8.9612295785045042e+00
-3.1281281281281279e+00 4.0711699183628462e-03 -8.3520638707612225e+00 8.3561350406795860e+00
-3.1181181181181179e+00 4.0972437376340246e-03 -7.7101582467142808e+00 7.7142554904519152e+00
-3.1081081081081079e+00 4.1235684982258722e-03 -7.0403943497778831e+00 7.0445179182761093e+00
-3.0980980980980979e+00 4.1501474261464340e-03 -6.3512681639954431e+00 6.3554183114215892e+00
-3.0880880880880879e+00 4.1769837993376321e-03 -5.6508021371046118e+00 5.6549791209039491e+00
-3.0780780780780779e+00 4.2040809486803303e-03 -4.9465101506666453e+00 4.9507142316153256e+00
-3.0680680680680679e+00 4.2314422590221286e-03 -4.2453696811126145e+00 4.2496011233716366e+00
-3.0580580580580579e+00 4.2590711702284777e-03 -3.5538008067564792e+00 3.5580598779267079e+00
-3.0480480480480479e+00 4.2869711782577277e-03 -2.8776516885793360e+00 2.8819386597575938e+00
-3.0380380380380378e+00 4.3151458362607189e-03 -2.2221901305080665e+00 2.2265052763443274e+00
-3.0280280280280278e+00 4.3435987557055708e-03 -1.5921008077270640e+00 1.5964444064827696e+00
-3.0180180180180178e+00 4.3723336075283210e-03 -9.9148773899064457e-01 9.9586007259817289e-01
-3.0080080080080078e+00 4.4013541233101014e-03 -4.2388157065448084e-01 4.2828292477779095e-01
-2.9979979979979978e+00 4.4306640964815484e-03 1.0774876407974616e-01 -1.0331809998326462e-01
-2.9879879879879878e+00 4.4602673835551620e-03 6.0098044771379167e-01 -5.9652018033023646e-01
-2.9779779779779778e+00 4.4901679053863733e-03 1.0539176768841685e+00 -1.0494275089787821e+00
-2.9679679679679678e+00 4.5203696484640687e-03 1.4651694847252081e+00 -1.4606491150767440e+00
-2.9579579579579578e+00 4.5508766662313710e-03 1.8338249063558207e+00 -1.8292740296895893e+00
-2.9479479479479478e+00 4.5816930804374731e-03 2.1594258952986078e+00 -2.1548442022181704e+00
-2.9379379379379378e+00 4.6128230825213910e-03 2.4419383850191676e+00 -2.4373255619366461e+00
-2.9279279279279278e+00 4.6442709350284555e-03 2.6817218741954716e+00 -2.6770776032604431e+00
-2.9179179179179178e+00 4.6760409730604744e-03 2.8794978970633496e+00 -2.8748218560902892e+00
-2.9079079079079078e+00 4.7081376057604455e-03 3.0363177214958403e+00 -3.0316095838900798e+00
-2.8978978978978978e+00 4.7405653178327839e-03 3.1535295976114059e+00 -3.1487890322935730e+00
-2.8878878878878878e+00 4.7733286711000291e-03 3.2327458589074509e+00 -3.2279725302363511e+00
-2.8778778778778777e+00 4.8064323060970368e-03 3.2758101564071964e+00 -3.2710037241010994e+00
-2.8678678678678677e+00 4.8398809437036772e-03 3.2847650843024869e+00 -3.2799252033587831e+00
-2.8578578578578577e+00 4.8736793868171284e-03 3.2618204332726819e+00 -3.2569467538858650e+00
-2.8478478478478477e+00 4.9078325220648401e-03 3.2093222852459178e+00 -3.2044144527238529e+00
-2.8378378378378377e+00 4.9423453215593121e-03 3.1297231410163522e+00 -3.1247807956947931e+00
-2.8278278278278277e+00 4.9772228446958514e-03 3.0255532499976572e+00 -3.0205760271529614e+00
-2.8178178178178177e+00 5.0124702399945249e-03 2.8993932896237551e+00 -2.8943808193837604e+00
-2.8078078078078077e+00 5.0480927469875288e-03 2.7538485206334626e+00 -2.7488004278864753e+00
-2.7977977977977977e+00 5.0840956981532829e-03 2.5915245238133280e+00 -2.5864404281151745e+00
-2.7877877877877877e+00 5.1204845208985489e-03 2.4150046038274406e+00 -2.4098841193065419e+00
-2.7777777777777777e+00 5.1572647395899665e-03 2.2268289266248837e+00 -2.2216716618852939e+00
-2.7677677677677677e+00 5.1944419776363783e-03 2.0294754386637250e+00 -2.0242809966860889e+00
-2.7577577577577577e+00 5.2320219596234474e-03 1.8253425988921732e+00 -1.8201105769325499e+00
-2.7477477477477477e+00 5.2700105135020225e-03 1.6167339381368822e+00 -1.6114639276233802e+00
-2.7377377377377377e+00 5.3084135728318355e-03 1.4058444453105972e+00 -1.4005360317377653e+00
-2.7277277277277276e+00 5.3472371790821045e-03 1.1947487656985496e+00 -1.1894015285194675e+00
-2.7177177177177176e+00 5.3864874839907335e-03 9.8539118353993171e-01 -9.8000469605594098e-01
-2.7077077077077076e+00 5.4261707519837610e-03 7.7957734920075583e-01 -7.7415117844877201e-01
-2.6976976976976976e+00 5.4662933626568825e-03 5.7896770044317236e-01 -5.7350140708051545e-01
-2.6876876876876876e+00 5.5068618133208170e-03 3.8507251763102729e-01 -3.7956565581770646e-01
-2.6776776776776776e+00 5.5478827216124274e-03 1.9924854416171275e-01 -1.9370066144010031e-01
-2.6676676676676676e+00 5.5893628281735372e-03 2.2697095963125993e-02 -1.7107733134952455e-02
-2.6576576576576576e+00 5.6313089993994371e-03 -1.4353642248191778e-01 1.4916773148131721e-01
-2.6476476476476476e+00 5.6737282302591723e-03 -2.9856168345219924e-01 3.0423541168245843e-01
-2.6376376376376376e+00 5.7166276471897533e-03 -4.4164137483331217e-01 4.4735800248050195e-01
-2.6276276276276276e+00 5.7600145110665059e-03 -5.7218800802617353e-01 5.7794802253724009e-01
-2.6176176176176176e+00 5.8038962202518482e-03 -6.8975969287035110e-01 6.9556358909060301e-01
-2.6076076076076076e+00 5.8482803137248820e-03 -7.9405497906688294e-01 7.9990325938060780e-01
-2.5975975975975976e+00 5.8931744742942290e-03 -8.8490686428357113e-01 8.9080003875786540e-01
-2.5875875875875876e+00 5.9385865318966691e-03 -9.6227606904028662e-01 9.6821465557218334e-01
-2.5775775775775776e+00 5.9845244669841846e-03 -1.0262436776558510e+00 1.0322282021228353e+00
-2.5675675675675675e+00 6.0309964140021323e-03 -1.0770032430457388e+00 1.0830342394597410e+00
-2.5575575575575575e+00 6.0780106649613499e-03 -1.1148524510466036e+00 1.1209304617115650e+00
-2.5475475475475475e+00 6.1255756731071033e-03 -1.1401844372651830e+00 1.1463100129382902e+00
-2.5375375375375375e+00 6.1737000566878713e-03 -1.1534788462612122e+00 1.1596525463179002e+00
-2.5275275275275275e+00 6.2223926028270862e-03 -1.1552927192324360e+00 1.1615151118352631e+00
-2.5175175175175175e+00 6.2716622715010429e-03 -1.1462512923291952e+00 1.1525229546006963e+00
-2.5075075075075075e+00 6.3215181996263267e-03 -1.1270387833408082e+00 1.1333603015404345e+00
-2.4974974974974975e+00 6.3719697052601765e-03 -1.0983892398185084e+00 1.1047612095237687e+00
-2.4874874874874875e+00 6.4230262919173975e-03 -1.0610775167816531e+00 1.0675005430735705e+00
-2.4774774774774775e+00 6.4746976530074950e-03 -1.0159104470446896e+00 1.0223851446976970e+00
-2.4674674674674675e+00 6.5269936763958751e-03 -9.6371826194979093e-01 9.7024525562618680e-01
-2.4574574574574575e+00 6.5799244490930804e-03 -9.0534631493967521e-01 9.1192623938876827e-01
-2.4474474474474475e+00 6.6335002620761712e-03 -8.4164715500037590e-01 8.4828065526245211e-01
-2.4374374374374375e+00 6.6877316152465279e-03 -7.7347299158543559e-01 7.8016072320068208e-01
-2.4274274274274275e+00 6.7426292225284722e-03 -7.0166858723987457e-01 7.0841121646240302e-01
-2.4174174174174174e+00 6.7982040171133103e-03 -6.2706460881003301e-01 6.3386281282714629e-01
-2.4074074074074074e+00 6.8544671568535279e-03 -5.5047146288746518e-01 5.5732593004431874e-01
-2.3973973973973974e+00 6.9114300298120553e-03 -4.7267363602191426e-01 4.7958506605172629e-01
-2.3873873873873874e+00 6.9691042599717415e-03 -3.9442455527800069e-01 4.0139365953797240e-01
-2.3773773773773774e+00 7.0275017131102612e-03 -3.1644197992777806e-01 3.2346948164088835e-01
-2.3673673673673674e+00 7.0866345028460336e-03 -2.3940393048910641e-01 2.4649056499195243e-01
-2.3573573573573574e+00 7.1465149968607646e-03 -1.6394515695776760e-01 1.7109167195462835e-01
-2.3473473473473474e+00 7.2071558233045762e-03 -9.0654143956438615e-02 9.7861299779743186e-02
-2.3373373373373374e+00 7.2685698773898378e-03 -2.0070646650625523e-02 2.7339216528015360e-02
-2.3273273273273274e+00 7.3307703281800408e-03 4.7316252327538812e-02 -3.9985481999358773e-02
-2.3173173173173174e+00 7.3937706255803783e-03 1.1106957804257057e-01 -1.0367580741699020e-01
-2.3073073073073074e+00 7.4575845075368083e-03 1.7080540665615840e-01 -1.6334782214862159e-01
-2.2972972972972974e+00 7.5222260074507960e-03 2.2619333598483116e-01 -2.1867110997738037e-01
-2.2872872872872874e+00 7.5877094618170800e-03 2.7695650461606813e-01 -2.6936879515425105e-01
-2.2772772772772774e+00 7.6540495180921686e-03 3.2287118317651220e-01 -3.1521713365842002e-01
-2.2672672672672673e+00 7.7212611428015164e-03 3.6376596325046623e-01 -3.5604470210766470e-01
-2.2572572572572573e+00 7.7893596298937084e-03 3.9952057106654476e-01 -3.9173121143665107e-01
-2.2472472472472473e+00 7.8583606093502144e-03 4.3006433440996089e-01 -4.2220597380061070e-01
-2.2372372372372373e+00 7.9282800560597153e-03 4.5537433228365015e-01 -4.4744605222759043e-01
-2.2272272272272273e+00 7.9991342989662716e-03 4.7547325764107923e-01 -4.6747412334211297e-01
-2.2172172172172173e+00 8.0709400305010049e-03 4.9042702405608074e-01 -4.8235608402557972e-01
-2.2072072072072073e+00 8.1437143163073881e-03 5.0034214749064487e-01 -4.9219843317433748e-01
-2.1971971971971973e+00 8.2174746052705427e-03 5.0536293438149527e-01 -4.9714545977622471e-01
-2.1871871871871873e+00 8.2922387398614798e-03 5.0566850710263589e-01 -4.9737626836277443e-01
-2.1771771771771773e+00 8.3680249668075645e-03 5.0146969748682801e-01 -4.9310167252002046e-01
-2.1671671671671673e+00 8.4448519481010037e-03 4.9300583851776247e-01 -4.8456098656966146e-01
-2.1571571571571573e+00 8.5227387723575843e-03 4.8054148355064052e-01 -4.7201874477828293e-01
-2.1471471471471473e+00 8.6017049665384517e-03 4.6436308149665223e-01 -4.5576137653011378e-01
-2.1371371371371373e+00 8.6817705080481748e-03 4.4477563533122089e-01 -4.3609386482317269e-01
-2.1271271271271273e+00 8.7629558372229362e-03 4.2209937007209991e-01 -4.1333641423487699e-01
-2.1171171171171173e+00 8.8452818702232511e-03 3.9666643503655785e-01 -3.8782115316633459e-01
-2.1071071071071072e+00 8.9287700123462030e-03 3.6881766374228508e-01 -3.5988889372993887e-01
-2.0970970970970972e+00 9.0134421717728060e-03 3.3889941327935419e-01 -3.2988597110758139e-01
-2.0870870870870872e+00 9.0993207737668034e-03 3.0726050336553307e-01 -2.9816118259176627e-01
-2.0770770770770772e+00 9.1864287753418376e-03 2.7424927361917761e-01 -2.6506284484383580e-01
-2.0670670670670672e+00 9.2747896804146728e-03 2.4021077585715395e-01 -2.3093598617673927e-01
-2.0570570570570572e+00 9.3644275554629237e-03 2.0548411646366627e-01 -1.9611968890820333e-01
-2.0470470470470472e+00 9.4553670457064969e-03 1.7039996209303857e-01 -1.6094459504733208e-01
-2.0370370370370372e+00 9.5476333918327761e-03 1.3527822017823532e-01 -1.2573058678640253e-01
-2.0270270270270272e+00 9.6412524472865024e-03 1.0042590392966522e-01 -9.0784651482378714e-02
-2.0170170170170172e+00 9.7362506961461044e-03 6.6135189737231301e-02 -5.6398939041085200e-02
-2.0070070070070072e+00 9.8326552716092915e-03 3.2681673143766750e-02 -2.2849017872157457e-02
-1.9969969969969972e+00 9.9304939751116584e-03 3.2282785025316375e-04 9.6076661248584942e-03
-1.9869869869869872e+00 1.0029795296103077e-02 -3.0703329447825275e-02 4.0733124743928352e-02
-1.9769769769769772e+00 1.0130588432507802e-02 -6.0179367199120544e-02 7.0309955631628340e-02
-1.9669669669669672e+00 1.0232903311895318e-02 -8.7909360458015853e-02 9.8142263769911170e-02
-1.9569569569569571e+00 1.0336770613390186e-02 -1.1371960748802816e-01 1.2405637810141834e-01
-1.9469469469469471e+00 1.0442221790350403e-02 -1.3745914471928880e-01 1.4790136650963920e-01
-1.9369369369369371e+00 1.0549289093845091e-02 -1.5900006458260979e-01 1.6954935367645488e-01
-1.9269269269269271e+00 1.0658005596963798e-02 -1.7823764196476224e-01 1.8889564756172605e-01
-1.9169169169169171e+00 1.0768405219991065e-02 -1.9509027615943797e-01 2.0585868137942903e-01
-1.9069069069069071e+00 1.0880522756481518e-02 -2.0949925622257309e-01 2.2037977897905461e-01
-1.8968968968968971e+00 1.0994393900272308e-02 -2.2142835857663853e-01 2.3242275247691085e-01
-1.8868868868868871e+00 1.1110055273471508e-02 -2.3086328654426583e-01 2.4197334181773733e-01
-1.8768768768768771e+00 1.1227544455462724e-02 -2.3781096222601653e-01 2.4903850668147925e-01
-1.8668668668668671e+00 1.1346900012968194e-02 -2.4229868176970559e-01 2.5364558178267377e-01
-1.8568568568568571e+00 1.1468161531214521e-02 -2.4437314560966886e-01 2.5584130714088338e-01
-1.8468468468468471e+00 1.1591369646247313e-02 -2.4409937568447052e-01 2.5569074533071784e-01
-1.8368368368368371e+00 1.1716566078443198e-02 -2.4155953197225405e-01 2.5327609805069723e-01
-1.8268268268268271e+00 1.1843793667269906e-02 -2.3685164091614344e-01 2.4869543458341334e-01
-1.8168168168168171e+00 1.1973096407347651e-02 -2.3008824845033218e-01 2.4206134485767983e-01
-1.8068068068068071e+00 1.2104519485867476e-02 -2.2139501038374179e-01 2.3349952986960926e-01
-1.7967967967967970e+00 1.2238109321424983e-02 -2.1090923285577054e-01 2.2314734217719553e-01
-1.7867867867867866e+00 1.2373913604330699e-02 -1.9877837545159768e-01 2.1115228905592839e-01
-1.7767767767767766e+00 1.2511981338461221e-02 -1.8515852935689520e-01 1.9767051069535641e-01
-1.7667667667667666e+00 1.2652362884718609e-02 -1.7021288264820864e-01 1.8286524553292724e-01
-1.7567567567567566e+00 1.2795110006168574e-02 -1.5411018446054411e-01 1.6690529446671268e-01
-1.7467467467467466e+00 1.2940275914931697e-02 -1.3702321935283421e-01 1.4996349526776590e-01
-1.7367367367367366e+00 1.3087915320905532e-02 -1.1912730271034193e-01 1.3221521803124747e-01
-1.7267267267267266e+00 1.3238084482399244e-02 -1.0059880748604326e-01 1.1383689196844250e-01
-1.7167167167167166e+00 1.3390841258766800e-02 -8.1613731996277944e-02 9.5004573255044744e-02
-1.7067067067067065e+00 1.3546245165128701e-02 -6.2346317855046254e-02 7.5892563020174955e-02
-1.6966966966966965e+00 1.3704357429277142e-02 -4.2967726462069457e-02 5.6672083891346599e-02
-1.6866866866866865e+00 1.3865241050864185e-02 -2.3644781757792364e-02 3.7510022808656548e-02
-1.6766766766766765e+00 1.4028960862977592e-02 -4.5387862296480969e-03 1.8567747092625687e-02
-1.6666666666666665e+00 1.4195583596214515e-02 1.4195583596215323e-02 -8.0838113980519211e-16
-1.6566566566566565e+00 1.4365177945368795e-02 3.2411296709340585e-02 -1.8046118763971788e-02
-1.6466466466466465e+00 1.4537814638853810e-02 4.9969897523073251e-02 -3.5432082884219437e-02
-1.6366366366366365e+00 1.4713566510989033e-02 6.6742342224791945e-02 -5.2028775713802912e-02
-1.6266266266266265e+00 1.4892508577285465e-02 8.2609738437181904e-02 -6.7717229859896436e-02
-1.6166166166166165e+00 1.5074718112871947e-02 9.7463985834684935e-02 -8.2389267721812987e-02
-1.6066066066066065e+00 1.5260274734212310e-02 1.1120831612438620e-01 -9.5948041390173891e-02
-1.5965965965965965e+00 1.5449260484270984e-02 1.2375773155110660e-01 -1.0830847106683561e-01
-1.5865865865865865e+00 1.5641759921293505e-02 1.3503934181806390e-01 -1.1939758189677040e-01
-1.5765765765765765e+00 1.5837860211377144e-02 1.4499260002311601e-01 -1.2915473981173886e-01
-1.5665665665665665e+00 1.6037651225016603e-02 1.5356943889257146e-01 -1.3753178766755486e-01
-1.5565565565565564e+00 1.6241225637819798e-02 1.6073430924637089e-01 -1.4449308360855109e-01
-1.5465465465465464e+00 1.6448679035599423e-02 1.6646412324697304e-01 -1.5001544421137361e-01
-1.5365365365365364e+00 1.6660110024057647e-02 1.7074810556665765e-01 -1.5408799554260000e-01
-1.5265265265265264e+00 1.6875620343293065e-02 1.7358755615167187e-01 -1.5671193580837880e-01
-1.5165165165165164e+00 1.7095314987372264e-02 1.7499552876445371e-01 -1.5790021377708144e-01
-1.5065065065065064e+00 1.7319302329221700e-02 1.7499642994522291e-01 -1.5767712761600122e-01
-1.4964964964964964e+00 1.7547694251110350e-02 1.7362554344989822e-01 -1.5607784919878787e-01
-1.4864864864864864e+00 1.7780606281008915e-02 1.7092848559139720e-01 -1.5314787931038829e-01
-1.4764764764764764e+00 1.8018157735127788e-02 1.6696059723489917e-01 -1.4894243949977137e-01
-1.4664664664664664e+00 1.8260471866953534e-02 1.6178627847402602e-01 -1.4352580660707248e-01
-1.4564564564564564e+00 1.8507676023122036e-02 1.5547827224376287e-01 -1.3697059622064084e-01
-1.4464464464464464e+00 1.8759901806486508e-02 1.4811690330728516e-01 -1.2935700150079865e-01
-1.4364364364364364e+00 1.9017285246759320e-02 1.3978927918794595e-01 -1.2077199394118664e-01
-1.4264264264264264e+00 1.9279966979129322e-02 1.3058845970502134e-01 -1.1130849272589202e-01
-1.4164164164164164e+00 1.9548092431280004e-02 1.2061260181323685e-01 -1.0106450938195685e-01
-1.4064064064064064e+00 1.9821812019259474e-02 1.0996408644262574e-01 -9.0142274423366267e-02
-1.3963963963963963e+00 2.0101281352680335e-02 9.8748633988218398e-02 -7.8647352635538070e-02
-1.3863863863863863e+00 2.0386661449756552e-02 8.7074415009905690e-02 -6.6687753560149138e-02
-1.3763763763763763e+00 2.0678118962715319e-02 7.5051162573310473e-02 -5.4373043610595154e-02
-1.3663663663663663e+00 2.0975826414154960e-02 6.2789292494521240e-02 -4.1813466080366277e-02
-1.3563563563563563e+00 2.1279962444955211e-02 5.0399037547190835e-02 -2.9119075102235624e-02
-1.3463463463463463e+00 2.1590712074383782e-02 3.7989601452011870e-02 -1.6398889377628088e-02
-1.3363363363363363e+00 2.1908266973083550e-02 2.5668338198338515e-02 -3.7600712252549642e-03
-1.3263263263263263e+00 2.2232825749667635e-02 1.3539961948228204e-02 8.6928638014394308e-03
-1.3163163163163163e+00 2.2564594251695724e-02 1.7057924470426822e-03 2.0858801804653042e-02
-1.3063063063063063e+00 2.2903785881854315e-02 -9.7369594853325553e-03 3.2640745367186870e-02
-1.2962962962962963e+00 2.3250621930216243e-02 -2.0695862179849964e-02 4.3946484110066207e-02
-1.2862862862862863e+00 2.3605331923511424e-02 -3.1083885247061068e-02 5.4689217170572492e-02
-1.2762762762762763e+00 2.3968153992401191e-02 -4.0819970201222508e-02 6.4788124193623703e-02
-1.2662662662662663e+00 2.4339335257813538e-02 -4.9829546589454918e-02 7.4168881847268456e-02
-1.2562562562562563e+00 2.4719132237466114e-02 -5.8044991063197784e-02 8.2764123300663905e-02
-1.2462462462462462e+00 2.5107811273778369e-02 -6.5406027263639005e-02 9.0513838537417374e-02
-1.2362362362362362e+00 2.5505648984454503e-02 -7.1860064831331477e-02 9.7365713815785987e-02
-1.2262262262262262e+00 2.5912932737104523e-02 -7.7362476290039284e-02 1.0327540902714380e-01
-1.2162162162162162e+00 2.6329961149363389e-02 -8.1876810993280369e-02 1.0820677214264376e-01
-1.2062062062062062e+00 2.6757044616067087e-02 -8.5374945756401588e-02 1.1213199037246868e-01
-1.1961961961961962e+00 2.7194505865151462e-02 -8.7837172224775398e-02 1.1503167808992686e-01
-1.1861861861861862e+00 2.7642680544053937e-02 -8.9252221447386815e-02 1.1689490199144076e-01
-1.1761761761761762e+00 2.8101917838522037e-02 -8.9617226532353003e-02 1.1771914437087504e-01
-1.1661661661661662e+00 2.8572581125865068e-02 -8.8937624654525607e-02 1.1751020578039068e-01
-1.1561561561561562e+00 2.9055048664828689e-02 -8.7227000063210935e-02 1.1628204872803963e-01
-1.1461461461461462e+00 2.9549714324425810e-02 -8.4506870098212533e-02 1.1405658442263834e-01
-1.1361361361361362e+00 3.0056988354223720e-02 -8.0806416563072525e-02 1.1086340491729624e-01
-1.1261261261261262e+00 3.0577298198766083e-02 -7.6162165123874678e-02 1.0673946332264075e-01
-1.1161161161161162e+00 3.1111089359001847e-02 -7.0617615698806341e-02 1.0172870505780819e-01
-1.1061061061061062e+00 3.1658826303801471e-02 -6.4222827076489644e-02 9.5881653380291115e-02
-1.0960960960960962e+00 3.2220993434866167e-02 -5.7033959248743903e-02 8.9254952683610070e-02
-1.0860860860860861e+00 3.2798096108578804e-02 -4.9112777164904378e-02 8.1910873273483176e-02
-1.0760760760760761e+00 3.3390661718608272e-02 -4.0526119809302943e-02 7.3916781527911216e-02
-1.0660660660660661e+00 3.3999240843362928e-02 -3.1345338670316789e-02 6.5344579513679724e-02
-1.0560560560560561e+00 3.4624408462696536e-02 -2.1645709808068757e-02 5.6270118270765293e-02
-1.0460460460460461e+00 3.5266765248602519e-02 -1.1505823838078301e-02 4.6772589086680819e-02
-1.0360360360360361e+00 3.5926938934992672e-02 -1.0069582297815112e-03 3.6933897164774181e-02
-1.0260260260260261e+00 3.6605585772046596e-02 9.7675636281113164e-03 2.6838022143935280e-02
-1.0160160160160161e+00 3.7303392071041129e-02 2.0733022118791584e-02 1.6570369952249545e-02
-1.0060060060060061e+00 3.8021075846027132e-02 3.1803955371812034e-02 6.2171204742150973e-03
-9.9599599599599564e-01 3.8759388559218677e-02 4.2894813078505595e-02 -4.1354245192869177e-03
-9.8598598598598564e-01 3.9519116977498624e-02 5.3920605763852894e-02 -1.4401488786354270e-02
-9.7597597597597563e-01 4.0301085148031254e-02 6.4797545214230645e-02 -2.4496460066199391e-02
-9.6596596596596562e-01 4.1106156501607656e-02 7.5443671869571849e-02 -3.4337515367964193e-02
-9.5595595595595562e-01 4.1935236093041700e-02 8.5779465121744891e-02 -4.3844229028703191e-02
-9.4594594594594561e-01 4.2789272988685408e-02 9.5728432617178880e-02 -5.2939159628493472e-02
-9.3593593593593560e-01 4.3669262811949432e-02 1.0521767483969598e-01 -6.1548412027746545e-02
-9.2592592592592560e-01 4.4576250458603431e-02 1.1417842144775615e-01 -6.9602170989152723e-02
-9.1591591591591559e-01 4.5511332994598051e-02 1.2254653605741977e-01 -7.7035203062821717e-02
-9.0590590590590558e-01 4.6475662750203470e-02 1.3026298639673101e-01 -8.3787323646527537e-02
-8.9589589589589558e-01 4.7470450625405947e-02 1.3727427700729827e-01 -8.9803826381892327e-02
-8.8588588588588557e-01 4.8496969622753267e-02 1.4353284193291013e-01 -9.5035872310156866e-02
-8.7587587587587556e-01 4.9556558625201183e-02 1.4899739511134955e-01 -9.9440836486148362e-02
-8.6586586586586556e-01 5.0650626437996775e-02 1.5363323647235325e-01 -1.0298261003435646e-01
-8.5585585585585555e-01 5.1780656115253079e-02 1.5741251204012635e-01 -1.0563185592487327e-01
-8.4584584584584555e-01 5.2948209593633014e-02 1.6031442664111395e-01 -1.0736621704748094e-01
-8.3583583583583554e-01 5.4154932657486277e-02 1.6232540812500462e-01 -1.0817047546751835e-01
-8.2582582582582553e-01 5.5402560261881797e-02 1.6343922231738103e-01 -1.0803666205549924e-01
-8.1581581581581553e-01 5.6692922242269898e-02 1.6365703823416791e-01 -1.0696411599189801e-01
-8.0580580580580552e-01 5.8027949442007787e-02 1.6298744339927940e-01 -1.0495949395727161e-01
-7.9579579579579551e-01 5.9409680291709614e-02 1.6144640941580818e-01 -1.0203672912409856e-01
-7.8578578578578551e-01 6.0840267877358384e-02 1.5905720824604297e-01 -9.8216940368684585e-02
-7.7577577577577550e-01 6.2321987537363524e-02 1.5585027995475043e-01 -9.3528292417386902e-02
-7.6576576576576549e-01 6.3857245032288873e-02 1.5186305296197050e-01 -8.8005807929681629e-02
-7.5575575575575549e-01 6.5448585334836107e-02 1.4713971813437851e-01 -8.1691132799542404e-02
-7.4574574574574548e-01 6.7098702091877307e-02 1.4173095831659330e-01 -7.4632256224715990e-02
-7.3573573573573547e-01 6.8810447814911982e-02 1.3569363516421265e-01 -6.6883187349300668e-02
-7.2572572572572547e-01 7.0586844860313913e-02 1.2909043538746173e-01 -5.8503590527147820e-02
-7.1571571571571546e-01 7.2431097266157068e-02 1.2198947874690942e-01 -4.9558381480752353e-02
-7.0570570570570545e-01 7.4346603518304272e-02 1.1446389035955186e-01 -4.0117286841247587e-02
-6.9569569569569545e-01 7.6336970324835718e-02 1.0659134007361874e-01 -3.0254369748783025e-02
-6.8568568568568544e-01 7.8406027484820492e-02 9.8453551852767898e-02 -2.0047524367947406e-02
-6.7567567567567544e-01 8.0557843944921784e-02 9.0135786274027463e-02 -9.5779423291056792e-03
-6.6566566566566543e-01 8.2796745145402778e-02 8.1726299388195991e-02 1.0704457572067866e-03
-6.5565565565565542e-01 8.5127331765786518e-02 7.3315781315769490e-02 1.1811550450017028e-02
-6.4564564564564542e-01 8.7554499989735662e-02 6.4996778055331925e-02 2.2557721934403738e-02
-6.3563563563563541e-01 9.0083463418658652e-02 5.6863100064319425e-02 3.3220363354339227e-02
-6.2562562562562540e-01 9.2719776774109461e-02 4.9009221233861651e-02 4.3710555540247810e-02
-6.1561561561561540e-01 9.5469361540196737e-02 4.1529671919874868e-02 5.3939689620321869e-02
-6.0560560560560539e-01 9.8338533708898196e-02 3.4518429711663537e-02 6.3820103997234659e-02
-5.9559559559559538e-01 1.0133403380329406e-01 2.8068311617076406e-02 7.3265722186217658e-02
-5.8558558558558538e-01 1.0446305936615068e-01 2.2270371319927991e-02 8.2192688046222678e-02
-5.7557557557557537e-01 1.0773330011380002e-01 1.7213305121257287e-02 9.0519994992542735e-02
-5.6556556556556536e-01 1.1115297596759242e-01 1.2982870111442243e-02 9.8170105856150186e-02
-5.5555555555555536e-01 1.1473087818696891e-01 9.6613180357612207e-03 1.0506956015120769e-01
-5.4554554554554535e-01 1.1847641383888609e-01 7.3268482122929310e-03 1.1114956562659316e-01
-5.3553553553553535e-01 1.2239965384725771e-01 6.0530827387975140e-03 1.1634657110846020e-01
-5.2552552552552534e-01 1.2651138487234667e-01 5.9085670852548648e-03 1.2060281778709181e-01
-5.1551551551551533e-01 1.3082316527248822e-01 6.9562990119101213e-03 1.2386686626057809e-01
-5.0550550550550533e-01 1.3534738539763211e-01 9.2532885800350115e-03 1.2609409681759709e-01
-4.9549549549549532e-01 1.4009733245400596e-01 1.2850151835153627e-02 1.2724718061885235e-01
-4.8548548548548531e-01 1.4508726015922374e-01 1.7790740541391466e-02 1.2729651961783228e-01
-4.7547547547547531e-01 1.5033246337419831e-01 2.4111810132045830e-02 1.2622065324215248e-01
-4.6546546546546530e-01 1.5584935784819420e-01 3.1842727816717306e-02 1.2400663003147690e-01
-4.5545545545545529e-01 1.6165556514113433e-01 4.1005222550687705e-02 1.2065034259044663e-01
-4.4544544544544529e-01 1.6777000268633471e-01 5.1613178329018045e-02 1.1615682435731667e-01
-4.3543543543543528e-01 1.7421297881900485e-01 6.3672472017480039e-02 1.1054050680152482e-01
-4.2542542542542527e-01 1.8100629241083827e-01 7.7180856676308390e-02 1.0382543573452988e-01
-4.1541541541541527e-01 1.8817333650600562e-01 9.2127891072325038e-02 9.6045445433680585e-02
-4.0540540540540526e-01 1.9573920503288544e-01 1.0849491581168715e-01 8.7244289221198298e-02
-3.9539539539539525e-01 2.0373080124916670e-01 1.2625507626078863e-01 7.7475724988378070e-02
-3.8538538538538525e-01 2.1217694604120324e-01 1.4537339215816855e-01 6.6803553883034689e-02
-3.7537537537537524e-01 2.2110848351192600e-01 1.6580687355707721e-01 5.5301609954848785e-02
-3.6536536536536524e-01 2.3055838041909851e-01 1.8750468247806620e-01 4.3053697941032310e-02
-3.5535535535535523e-01 2.4056181492378453e-01 2.1040833939498657e-01 3.0153475528797963e-02
-3.4534534534534522e-01 2.5115624872597486e-01 2.3445197342748067e-01 1.6704275298494192e-02
-3.3533533533533522e-01 2.6238147493996533e-01 2.5956261486978299e-01 2.8188600701823385e-03
-3.2532532532532521e-01 2.7427963192699678e-01 2.8566052845066725e-01 -1.1380896523670470e-02
-3.1531531531531520e-01 2.8689517067945808e-01 3.1265958549395512e-01 -2.5764414814497039e-02
-3.0530530530530520e-01 3.0027476015652799e-01 3.4046767293431263e-01 -4.0192912777784640e-02
-2.9529529529529519e-01 3.1446711112147446e-01 3.6898713694020785e-01 -5.4520025818733386e-02
-2.8528528528528518e-01 3.2952269444956245e-01 3.9811525870596948e-01 -6.8592564256407029e-02
-2.7527527527527518e-01 3.4549332450791498e-01 4.2774475979881937e-01 -8.2251435290904396e-02
-2.6526526526526517e-01 3.6243157204355292e-01 4.5776433428547236e-01 -9.5332762241919444e-02
-2.5525525525525516e-01 3.8038996411836157e-01 4.8805920471722442e-01 -1.0766924059886285e-01
-2.4524524524524516e-01 3.9941992118868547e-01 5.1851169892310867e-01 -1.1909177773442320e-01
-2.3523523523523515e-01 4.1957037382085310e-01 5.4900184444833144e-01 -1.2943147062747834e-01
-2.2522522522522515e-01 4.4088599441780590e-01 5.7940797738039118e-01 -1.3852198296258528e-01
-2.1521521521521514e-01 4.6340497375124567e-01 6.0960736222843914e-01 -1.4620238847719347e-01
-2.0520520520520513e-01 4.8715626961680675e-01 6.3947681946296764e-01 -1.5232054984616089e-01
-1.9519519519519513e-01 5.1215625779395346e-01 6.6889335728306376e-01 -1.5673709948911030e-01
-1.8518518518518512e-01 5.3840472673559836e-01 6.9773480415738620e-01 -1.5933007742178784e-01
-1.7517517517517511e-01 5.6588018094539339e-01 7.2588043868281782e-01 -1.6000025773742443e-01
-1.6516516516516511e-01 5.9453445853930553e-01 7.5321161332135433e-01 -1.5867715478204880e-01
-1.5515515515515510e-01 6.2428673123044431e-01 7.7961236861106831e-01 -1.5532563738062399e-01
-1.4514514514514509e-01 6.5501704486534107e-01 8.0497003450076854e-01 -1.4995298963542747e-01
-1.3513513513513509e-01 6.8655967903711146e-01 8.2917581552986175e-01 -1.4261613649275029e-01
-1.2512512512512508e-01 7.1869675492177176e-01 8.5212535666451017e-01 -1.3342860174273841e-01
-1.1511511511511507e-01 7.5115269458824385e-01 8.7371928670804877e-01 -1.2256659211980492e-01
-1.0510510510510507e-01 7.8359031615246566e-01 8.9386373632698635e-01 -1.1027342017452069e-01
-9.5095095095095061e-02 8.1560950813402133e-01 9.1247082787330969e-01 -9.6861319739288354e-02
-8.5085085085085055e-02 8.4674952020403427e-01 9.2945913433827754e-01 -8.2709614134243270e-02
-7.5075075075075048e-02 8.7649588187868532e-01 9.4475410494168810e-01 -6.8258223063002776e-02
-6.5065065065065042e-02 9.0429275859756852e-01 9.5828845504282134e-01 -5.3995696445252817e-02
-5.5055055055055035e-02 9.2956113208882796e-01 9.7000251825379802e-01 -4.0441386164970061e-02
-4.5045045045045029e-02 9.5172253978062726e-01 9.7984455884207555e-01 -2.8122019061448289e-02
-3.5035035035035023e-02 9.7022727405295994e-01 9.8777104272492733e-01 -1.7543768671967386e-02
-2.5025025025025016e-02 9.8458504418789572e-01 9.9374686558402858e-01 -9.1618213961328632e-03
-1.5015015015015010e-02 9.9439532256039609e-01 9.9774553686135792e-01 -3.3502143009618290e-03
-5.0050050050050032e-03 9.9937414006845404e-01 9.9974931863735683e-01 -3.7517856890278978e-04
5.0050050050050032e-03 9.9937414006845404e-01 9.9974931863735772e-01 -3.7517856890367796e-04
1.5015015015015010e-02 9.9439532256039609e-01 9.9774553686135858e-01 -3.3502143009624952e-03
2.5025025025025016e-02 9.8458504418789572e-01 9.9374686558402814e-01 -9.1618213961324191e-03
3.5035035035035023e-02 9.7022727405295994e-01 9.8777104272492644e-01 -1.7543768671966498e-02
4.5045045045045029e-02 9.5172253978062726e-01 9.7984455884207400e-01 -2.8122019061446735e-02
5.5055055055055035e-02 9.2956113208882796e-01 9.7000251825379691e-01 -4.0441386164968951e-02
6.5065065065065042e-02 9.0429275859756852e-01 9.5828845504282056e-01 -5.3995696445252039e-02
7.5075075075075048e-02 8.7649588187868532e-01 9.4475410494168766e-01 -6.8258223063002332e-02
8.5085085085085055e-02 8.4674952020403427e-01 9.2945913433827654e-01 -8.2709614134242271e-02
9.5095095095095061e-02 8.1560950813402133e-01 9.1247082787330880e-01 -9.6861319739287466e-02
1.0510510510510507e-01 7.8359031615246566e-01 8.9386373632698557e-01 -1.1027342017451991e-01
1.1511511511511507e-01 7.5115269458824385e-01 8.7371928670804744e-01 -1.2256659211980359e-01
1.2512512512512508e-01 7.1869675492177176e-01 8.5212535666450917e-01 -1.3342860174273741e-01
1.3513513513513509e-01 6.8655967903711146e-01 8.2917581552986053e-01 -1.4261613649274907e-01
1.4514514514514509e-01 6.5501704486534107e-01 8.0497003450076754e-01 -1.4995298963542647e-01
1.5515515515515510e-01 6.2428673123044431e-01 7.7961236861106631e-01 -1.5532563738062199e-01
1.6516516516516511e-01 5.9453445853930553e-01 7.5321161332135278e-01 -1.5867715478204725e-01
1.7517517517517511e-01 5.6588018094539339e-01 7.2588043868281638e-01 -1.6000025773742299e-01
1.8518518518518512e-01 5.3840472673559836e-01 6.9773480415738476e-01 -1.5933007742178640e-01
1.9519519519519513e-01 5.1215625779395346e-01 6.6889335728306265e-01 -1.5673709948910919e-01
2.0520520520520513e-01 4.8715626961680675e-01 6.3947681946296620e-01 -1.5232054984615945e-01
2.1521521521521514e-01 4.6340497375124567e-01 6.0960736222843737e-01 -1.4620238847719169e-01
2.2522522522522515e-01 4.4088599441780590e-01 5.7940797738038952e-01 -1.3852198296258361e-01
2.3523523523523515e-01 4.1957037382085310e-01 5.4900184444833000e-01 -1.2943147062747690e-01
2.4524524524524516e-01 3.9941992118868547e-01 5.1851169892310744e-01 -1.1909177773442198e-01
2.5525525525525516e-01 3.8038996411836157e-01 4.8805920471722275e-01 -1.0766924059886118e-01
2.6526526526526517e-01 3.6243157204355292e-01 4.5776433428547120e-01 -9.5332762241918279e-02
2.7527527527527518e-01 3.4549332450791498e-01 4.2774475979881799e-01 -8.2251435290903008e-02
2.8528528528528518e-01 3.2952269444956245e-01 3.9811525870596798e-01 -6.8592564256405530e-02
2.9529529529529519e-01 3.1446711112147446e-01 3.6898713694020641e-01 -5.4520025818731943e-02
3.0530530530530520e-01 3.0027476015652799e-01 3.4046767293431124e-01 -4.0192912777783252e-02
3.1531531531531520e-01 2.8689517067945808e-01 3.1265958549395395e-01 -2.5764414814495873e-02
3.2532532532532521e-01 2.7427963192699678e-01 2.8566052845066608e-01 -1.1380896523669304e-02
3.3533533533533522e-01 2.6238147493996533e-01 2.5956261486978188e-01 2.8188600701834488e-03
3.4534534534534522e-01 2.5115624872597486e-01 2.3445197342747945e-01 1.6704275298495413e-02
3.5535535535535523e-01 2.4056181492378453e-01 2.1040833939498546e-01 3.0153475528799073e-02
3.6536536536536524e-01 2.3055838041909851e-01 1.8750468247806534e-01 4.3053697941033170e-02
3.7537537537537524e-01 2.2110848351192600e-01 1.6580687355707621e-01 5.5301609954849784e-02
3.8538538538538525e-01 2.1217694604120324e-01 1.4537339215816783e-01 6.6803553883035410e-02
3.9539539539539525e-01 2.0373080124916670e-01 1.2625507626078786e-01 7.7475724988378847e-02
4.0540540540540526e-01 1.9573920503288544e-01 1.0849491581168623e-01 8.7244289221199214e-02
4.1541541541541527e-01 1.8817333650600562e-01 9.2127891072324511e-02 9.6045445433681112e-02
4.2542542542542527e-01 1.8100629241083827e-01 7.7180856676307710e-02 1.0382543573453056e-01
4.3543543543543528e-01 1.7421297881900485e-01 6.3672472017479470e-02 1.1054050680152538e-01
4.4544544544544529e-01 1.6777000268633471e-01 5.1613178329017635e-02 1.1615682435731708e-01
4.5545545545545529e-01 1.6165556514113433e-01 4.1005222550687399e-02 1.2065034259044694e-01
4.6546546546546530e-01 1.5584935784819420e-01 3.1842727816717389e-02 1.2400663003147681e-01
4.7547547547547531e-01 1.5033246337419831e-01 2.4111810132045625e-02 1.2622065324215268e-01
4.8548548548548531e-01 1.4508726015922374e-01 1.7790740541391240e-02 1.2729651961783250e-01
4.9549549549549532e-01 1.4009733245400596e-01 1.2850151835153530e-02 1.2724718061885243e-01
5.0550550550550533e-01 1.3534738539763211e-01 9.2532885800352214e-03 1.2609409681759690e-01
5.1551551551551533e-01 1.3082316527248822e-01 6.9562990119102037e-03 1.2386686626057801e-01
5.2552552552552534e-01 1.2651138487234667e-01 5.9085670852551866e-03 1.2060281778709149e-01
5.3553553553553535e-01 1.2239965384725771e-01 6.0530827387978185e-03 1.1634657110845989e-01
5.4554554554554535e-01 1.1847641383888609e-01 7.3268482122935217e-03 1.1114956562659256e-01
5.5555555555555536e-01 1.1473087818696891e-01 9.6613180357617828e-03 1.0506956015120712e-01
5.6556556556556536e-01 1.1115297596759242e-01 1.2982870111442649e-02 9.8170105856149770e-02
5.7557557557557537e-01 1.0773330011380002e-01 1.7213305121257974e-02 9.0519994992542041e-02
5.8558558558558538e-01 1.0446305936615068e-01 2.2270371319928865e-02 8.2192688046221818e-02
5.9559559559559538e-01 1.0133403380329406e-01 2.8068311617077294e-02 7.3265722186216770e-02
6.0560560560560539e-01 9.8338533708898196e-02 3.4518429711664265e-02 6.3820103997233923e-02
6.1561561561561540e-01 9.5469361540196737e-02 4.1529671919875728e-02 5.3939689620321009e-02
6.2562562562562540e-01 9.2719776774109461e-02 4.9009221233862560e-02 4.3710555540246901e-02
6.3563563563563541e-01 9.0083463418658652e-02 5.6863100064320396e-02 3.3220363354338256e-02
6.4564564564564542e-01 8.7554499989735662e-02 6.4996778055332841e-02 2.2557721934402822e-02
6.5565565565565542e-01 8.5127331765786518e-02 7.3315781315770351e-02 1.1811550450016167e-02
6.6566566566566543e-01 8.2796745145402778e-02 8.1726299388196949e-02 1.0704457572058290e-03
6.7567567567567544e-01 8.0557843944921784e-02 9.0135786274028379e-02 -9.5779423291065952e-03
6.8568568568568544e-01 7.8406027484820492e-02 9.8453551852768884e-02 -2.0047524367948391e-02
6.9569569569569545e-01 7.6336970324835718e-02 1.0659134007361973e-01 -3.0254369748784010e-02
7.0570570570570545e-01 7.4346603518304272e-02 1.1446389035955286e-01 -4.0117286841248587e-02
7.1571571571571546e-01 7.2431097266157068e-02 1.2198947874691038e-01 -4.9558381480753311e-02
7.2572572572572547e-01 7.0586844860313913e-02 1.2909043538746270e-01 -5.8503590527148791e-02
7.3573573573573547e-01 6.8810447814911982e-02 1.3569363516421354e-01 -6.6883187349301557e-02
7.4574574574574548e-01 6.7098702091877307e-02 1.4173095831659402e-01 -7.4632256224716712e-02
7.5575575575575549e-01 6.5448585334836107e-02 1.4713971813437934e-01 -8.1691132799543237e-02
7.6576576576576549e-01 6.3857245032288873e-02 1.5186305296197153e-01 -8.8005807929682656e-02
7.7577577577577550e-01 6.2321987537363524e-02 1.5585027995475115e-01 -9.3528292417387623e-02
7.8578578578578551e-01 6.0840267877358384e-02 1.5905720824604372e-01 -9.8216940368685335e-02
7.9579579579579551e-01 5.9409680291709614e-02 1.6144640941580887e-01 -1.0203672912409925e-01
8.0580580580580552e-01 5.8027949442007787e-02 1.6298744339928006e-01 -1.0495949395727228e-01
8.1581581581581553e-01 5.6692922242269898e-02 1.6365703823416880e-01 -1.0696411599189889e-01
8.2582582582582553e-01 5.5402560261881797e-02 1.6343922231738148e-01 -1.0803666205549968e-01
8.3583583583583554e-01 5.4154932657486277e-02 1.6232540812500520e-01 -1.0817047546751893e-01
8.4584584584584555e-01 5.2948209593633014e-02 1.6031442664111439e-01 -1.0736621704748138e-01
8.5585585585585555e-01 5.1780656115253079e-02 1.5741251204012688e-01 -1.0563185592487380e-01
8.6586586586586556e-01 5.0650626437996775e-02 1.5363323647235361e-01 -1.0298261003435683e-01
8.7587587587587556e-01 4.9556558625201183e-02 1.4899739511134982e-01 -9.9440836486148640e-02
8.8588588588588557e-01 4.8496969622753267e-02 1.4353284193291049e-01 -9.5035872310157227e-02
8.9589589589589558e-01 4.7470450625405947e-02 1.3727427700729861e-01 -8.9803826381892660e-02
9.0590590590590558e-01 4.6475662750203470e-02 1.3026298639673134e-01 -8.3787323646527870e-02
9.1591591591591559e-01 4.5511332994598051e-02 1.2254653605742011e-01 -7.7035203062822050e-02
9.2592592592592560e-01 4.4576250458603431e-02 1.1417842144775639e-01 -6.9602170989152959e-02
9.3593593593593560e-01 4.3669262811949432e-02 1.0521767483969625e-01 -6.1548412027746822e-02
9.4594594594594561e-01 4.2789272988685408e-02 9.5728432617178949e-02 -5.2939159628493541e-02
9.5595595595595562e-01 4.1935236093041700e-02 8.5779465121744863e-02 -4.3844229028703163e-02
9.6596596596596562e-01 4.1106156501607656e-02 7.5443671869571918e-02 -3.4337515367964262e-02
9.7597597597597563e-01 4.0301085148031254e-02 6.4797545214230659e-02 -2.4496460066199405e-02
9.8598598598598564e-01 3.9519116977498624e-02 5.3920605763852901e-02 -1.4401488786354277e-02
9.9599599599599564e-01 3.8759388559218677e-02 4.2894813078505595e-02 -4.1354245192869177e-03
1.0060060060060056e+00 3.8021075846027166e-02 3.1803955371812562e-02 6.2171204742146047e-03
1.0160160160160157e+00 3.7303392071041164e-02 2.0733022118792063e-02 1.6570369952249100e-02
1.0260260260260257e+00 3.6605585772046631e-02 9.7675636281117726e-03 2.6838022143934860e-02
1.0360360360360357e+00 3.5926938934992707e-02 -1.0069582297811089e-03 3.6933897164773813e-02
1.0460460460460457e+00 3.5266765248602561e-02 -1.1505823838077918e-02 4.6772589086680479e-02
1.0560560560560557e+00 3.4624408462696564e-02 -2.1645709808068368e-02 5.6270118270764932e-02
1.0660660660660657e+00 3.3999240843362956e-02 -3.1345338670316220e-02 6.5344579513679169e-02
1.0760760760760757e+00 3.3390661718608300e-02 -4.0526119809302513e-02 7.3916781527910813e-02
1.0860860860860857e+00 3.2798096108578832e-02 -4.9112777164904045e-02 8.1910873273482870e-02
1.0960960960960957e+00 3.2220993434866188e-02 -5.7033959248743570e-02 8.9254952683609751e-02
1.1061061061061057e+00 3.1658826303801492e-02 -6.4222827076489408e-02 9.5881653380290893e-02
1.1161161161161157e+00 3.1111089359001864e-02 -7.0617615698805938e-02 1.0172870505780780e-01
1.1261261261261257e+00 3.0577298198766110e-02 -7.6162165123874345e-02 1.0673946332264045e-01
1.1361361361361357e+00 3.0056988354223747e-02 -8.0806416563072206e-02 1.1086340491729596e-01
1.1461461461461457e+00 2.9549714324425835e-02 -8.4506870098212353e-02 1.1405658442263819e-01
1.1561561561561557e+00 2.9055048664828706e-02 -8.7227000063210644e-02 1.1628204872803935e-01
1.1661661661661658e+00 2.8572581125865092e-02 -8.8937624654525552e-02 1.1751020578039065e-01
1.1761761761761758e+00 2.8101917838522054e-02 -8.9617226532352739e-02 1.1771914437087480e-01
1.1861861861861858e+00 2.7642680544053961e-02 -8.9252221447386634e-02 1.1689490199144059e-01
1.1961961961961958e+00 2.7194505865151482e-02 -8.7837172224775065e-02 1.1503167808992655e-01
1.2062062062062058e+00 2.6757044616067108e-02 -8.5374945756401449e-02 1.1213199037246856e-01
1.2162162162162158e+00 2.6329961149363409e-02 -8.1876810993280105e-02 1.0820677214264351e-01
1.2262262262262258e+00 2.5912932737104544e-02 -7.7362476290039103e-02 1.0327540902714365e-01
1.2362362362362358e+00 2.5505648984454520e-02 -7.1860064831331463e-02 9.7365713815785987e-02
1.2462462462462458e+00 2.5107811273778383e-02 -6.5406027263638894e-02 9.0513838537417277e-02
1.2562562562562558e+00 2.4719132237466131e-02 -5.8044991063197646e-02 8.2764123300663781e-02
1.2662662662662658e+00 2.4339335257813555e-02 -4.9829546589454883e-02 7.4168881847268442e-02
1.2762762762762758e+00 2.3968153992401209e-02 -4.0819970201222459e-02 6.4788124193623675e-02
1.2862862862862858e+00 2.3605331923511438e-02 -3.1083885247061061e-02 5.4689217170572499e-02
1.2962962962962958e+00 2.3250621930216257e-02 -2.0695862179849915e-02 4.3946484110066172e-02
1.3063063063063058e+00 2.2903785881854329e-02 -9.7369594853324720e-03 3.2640745367186801e-02
1.3163163163163158e+00 2.2564594251695737e-02 1.7057924470427388e-03 2.0858801804653000e-02
1.3263263263263259e+00 2.2232825749667649e-02 1.3539961948228244e-02 8.6928638014394048e-03
1.3363363363363359e+00 2.1908266973083564e-02 2.5668338198338567e-02 -3.7600712252550024e-03
1.3463463463463459e+00 2.1590712074383796e-02 3.7989601452011891e-02 -1.6398889377628095e-02
1.3563563563563559e+00 2.1279962444955225e-02 5.0399037547190828e-02 -2.9119075102235603e-02
1.3663663663663659e+00 2.0975826414154974e-02 6.2789292494521282e-02 -4.1813466080366304e-02
1.3763763763763759e+00 2.0678118962715330e-02 7.5051162573310473e-02 -5.4373043610595140e-02
1.3863863863863859e+00 2.0386661449756566e-02 8.7074415009905620e-02 -6.6687753560149055e-02
1.3963963963963959e+00 2.0101281352680349e-02 9.8748633988218329e-02 -7.8647352635537987e-02
1.4064064064064059e+00 1.9821812019259488e-02 1.0996408644262562e-01 -9.0142274423366128e-02
1.4164164164164168e+00 1.9548092431279990e-02 1.2061260181323763e-01 -1.0106450938195764e-01
1.4264264264264268e+00 1.9279966979129311e-02 1.3058845970502209e-01 -1.1130849272589277e-01
1.4364364364364368e+00 1.9017285246759309e-02 1.3978927918794645e-01 -1.2077199394118715e-01
1.4464464464464468e+00 1.8759901806486495e-02 1.4811690330728564e-01 -1.2935700150079915e-01
1.4564564564564568e+00 1.8507676023122026e-02 1.5547827224376326e-01 -1.3697059622064123e-01
1.4664664664664668e+00 1.8260471866953520e-02 1.6178627847402649e-01 -1.4352580660707298e-01
1.4764764764764768e+00 1.8018157735127775e-02 1.6696059723489959e-01 -1.4894243949977182e-01
1.4864864864864868e+00 1.7780606281008901e-02 1.7092848559139739e-01 -1.5314787931038848e-01
1.4964964964964969e+00 1.7547694251110340e-02 1.7362554344989847e-01 -1.5607784919878814e-01
1.5065065065065069e+00 1.7319302329221690e-02 1.7499642994522277e-01 -1.5767712761600108e-01
1.5165165165165169e+00 1.7095314987372254e-02 1.7499552876445362e-01 -1.5790021377708136e-01
1.5265265265265269e+00 1.6875620343293055e-02 1.7358755615167121e-01 -1.5671193580837817e-01
1.5365365365365369e+00 1.6660110024057633e-02 1.7074810556665712e-01 -1.5408799554259950e-01
1.5465465465465469e+00 1.6448679035599417e-02 1.6646412324697213e-01 -1.5001544421137272e-01
1.5565565565565569e+00 1.6241225637819788e-02 1.6073430924636992e-01 -1.4449308360855012e-01
1.5665665665665669e+00 1.6037651225016596e-02 1.5356943889257021e-01 -1.3753178766755361e-01
1.5765765765765769e+00 1.5837860211377133e-02 1.4499260002311481e-01 -1.2915473981173770e-01
1.5865865865865869e+00 1.5641759921293494e-02 1.3503934181806235e-01 -1.1939758189676886e-01
1.5965965965965969e+00 1.5449260484270973e-02 1.2375773155110489e-01 -1.0830847106683392e-01
1.6066066066066069e+00 1.5260274734212299e-02 1.1120831612438449e-01 -9.5948041390172184e-02
1.6166166166166169e+00 1.5074718112871940e-02 9.7463985834683076e-02 -8.2389267721811141e-02
1.6266266266266269e+00 1.4892508577285454e-02 8.2609738437179892e-02 -6.7717229859894437e-02
1.6366366366366369e+00 1.4713566510989028e-02 6.6742342224789752e-02 -5.2028775713800726e-02
1.6466466466466469e+00 1.4537814638853801e-02 4.9969897523070961e-02 -3.5432082884217161e-02
1.6566566566566570e+00 1.4365177945368788e-02 3.2411296709338254e-02 -1.8046118763969464e-02
1.6666666666666670e+00 1.4195583596214508e-02 1.4195583596212879e-02 1.6289053439422219e-15
1.6766766766766770e+00 1.4028960862977585e-02 -4.5387862296506279e-03 1.8567747092628213e-02
1.6866866866866870e+00 1.3865241050864180e-02 -2.3644781757794938e-02 3.7510022808659116e-02
1.6966966966966970e+00 1.3704357429277137e-02 -4.2967726462072149e-02 5.6672083891349284e-02
1.7067067067067070e+00 1.3546245165128696e-02 -6.2346317855048787e-02 7.5892563020177481e-02
1.7167167167167170e+00 1.3390841258766795e-02 -8.1613731996280581e-02 9.5004573255047381e-02
1.7267267267267270e+00 1.3238084482399238e-02 -1.0059880748604605e-01 1.1383689196844529e-01
1.7367367367367370e+00 1.3087915320905521e-02 -1.1912730271034469e-01 1.3221521803125022e-01
1.7467467467467470e+00 1.2940275914931694e-02 -1.3702321935283707e-01 1.4996349526776875e-01
1.7567567567567570e+00 1.2795110006168566e-02 -1.5411018446054656e-01 1.6690529446671512e-01
1.7667667667667670e+00 1.2652362884718603e-02 -1.7021288264821108e-01 1.8286524553292968e-01
1.7767767767767770e+00 1.2511981338461214e-02 -1.8515852935689778e-01 1.9767051069535899e-01
1.7867867867867870e+00 1.2373913604330695e-02 -1.9877837545160018e-01 2.1115228905593086e-01
1.7967967967967970e+00 1.2238109321424983e-02 -2.1090923285577182e-01 2.2314734217719681e-01
1.8068068068068071e+00 1.2104519485867476e-02 -2.2139501038374304e-01 2.3349952986961051e-01
1.8168168168168171e+00 1.1973096407347651e-02 -2.3008824845033385e-01 2.4206134485768149e-01
1.8268268268268271e+00 1.1843793667269906e-02 -2.3685164091614480e-01 2.4869543458341470e-01
1.8368368368368371e+00 1.1716566078443198e-02 -2.4155953197225541e-01 2.5327609805069862e-01
1.8468468468468471e+00 1.1591369646247313e-02 -2.4409937568447163e-01 2.5569074533071895e-01
1.8568568568568571e+00 1.1468161531214521e-02 -2.4437314560967002e-01 2.5584130714088454e-01
1.8668668668668671e+00 1.1346900012968194e-02 -2.4229868176970684e-01 2.5364558178267504e-01
1.8768768768768771e+00 1.1227544455462724e-02 -2.3781096222601744e-01 2.4903850668148017e-01
1.8868868868868871e+00 1.1110055273471508e-02 -2.3086328654426697e-01 2.4197334181773847e-01
1.8968968968968971e+00 1.0994393900272308e-02 -2.2142835857663923e-01 2.3242275247691155e-01
1.9069069069069071e+00 1.0880522756481518e-02 -2.0949925622257373e-01 2.2037977897905525e-01
1.9169169169169171e+00 1.0768405219991065e-02 -1.9509027615943850e-01 2.0585868137942956e-01
1.9269269269269271e+00 1.0658005596963798e-02 -1.7823764196476308e-01 1.8889564756172689e-01
1.9369369369369371e+00 1.0549289093845091e-02 -1.5900006458261035e-01 1.6954935367645543e-01
1.9469469469469471e+00 1.0442221790350403e-02 -1.3745914471928899e-01 1.4790136650963939e-01
1.9569569569569571e+00 1.0336770613390186e-02 -1.1371960748802826e-01 1.2405637810141844e-01
1.9669669669669672e+00 1.0232903311895318e-02 -8.7909360458016075e-02 9.8142263769911392e-02
1.9769769769769772e+00 1.0130588432507802e-02 -6.0179367199120731e-02 7.0309955631628535e-02
1.9869869869869872e+00 1.0029795296103077e-02 -3.0703329447825330e-02 4.0733124743928407e-02
1.9969969969969972e+00 9.9304939751116584e-03 3.2282785025314852e-04 9.6076661248585098e-03
2.0070070070070072e+00 9.8326552716092915e-03 3.2681673143766729e-02 -2.2849017872157436e-02
2.0170170170170172e+00 9.7362506961461044e-03 6.6135189737231356e-02 -5.6398939041085255e-02
2.0270270270270272e+00 9.6412524472865024e-03 1.0042590392966534e-01 -9.0784651482378839e-02
2.0370370370370372e+00 9.5476333918327761e-03 1.3527822017823538e-01 -1.2573058678640259e-01
2.0470470470470472e+00 9.4553670457064969e-03 1.7039996209303854e-01 -1.6094459504733205e-01
2.0570570570570572e+00 9.3644275554629237e-03 2.0548411646366638e-01 -1.9611968890820344e-01
2.0670670670670672e+00 9.2747896804146728e-03 2.4021077585715386e-01 -2.3093598617673919e-01
2.0770770770770772e+00 9.1864287753418376e-03 2.7424927361917778e-01 -2.6506284484383597e-01
2.0870870870870872e+00 9.0993207737668034e-03 3.0726050336553296e-01 -2.9816118259176616e-01
2.0970970970970972e+00 9.0134421717728060e-03 3.3889941327935397e-01 -3.2988597110758117e-01
2.1071071071071072e+00 8.9287700123462030e-03 3.6881766374228464e-01 -3.5988889372993843e-01
2.1171171171171173e+00 8.8452818702232511e-03 3.9666643503655757e-01 -3.8782115316633431e-01
2.1271271271271273e+00 8.7629558372229362e-03 4.2209937007209963e-01 -4.1333641423487671e-01
2.1371371371371373e+00 8.6817705080481748e-03 4.4477563533122005e-01 -4.3609386482317186e-01
2.1471471471471473e+00 8.6017049665384517e-03 4.6436308149665179e-01 -4.5576137653011334e-01
2.1571571571571573e+00 8.5227387723575843e-03 4.8054148355063964e-01 -4.7201874477828204e-01
2.1671671671671673e+00 8.4448519481010037e-03 4.9300583851776192e-01 -4.8456098656966090e-01
2.1771771771771773e+00 8.3680249668075645e-03 5.0146969748682646e-01 -4.9310167252001891e-01
2.1871871871871873e+00 8.2922387398614798e-03 5.0566850710263389e-01 -4.9737626836277243e-01
2.1971971971971973e+00 8.2174746052705427e-03 5.0536293438149349e-01 -4.9714545977622293e-01
2.2072072072072073e+00 8.1437143163073881e-03 5.0034214749064299e-01 -4.9219843317433559e-01
2.2172172172172173e+00 8.0709400305010049e-03 4.9042702405607869e-01 -4.8235608402557767e-01
2.2272272272272273e+00 7.9991342989662716e-03 4.7547325764107706e-01 -4.6747412334211080e-01
2.2372372372372373e+00 7.9282800560597153e-03 4.5537433228364727e-01 -4.4744605222758754e-01
2.2472472472472473e+00 7.8583606093502144e-03 4.3006433440995884e-01 -4.2220597380060865e-01
2.2572572572572573e+00 7.7893596298937084e-03 3.9952057106654204e-01 -3.9173121143664835e-01
2.2672672672672673e+00 7.7212611428015164e-03 3.6376596325046373e-01 -3.5604470210766220e-01
2.2772772772772774e+00 7.6540495180921686e-03 3.2287118317650981e-01 -3.1521713365841764e-01
2.2872872872872874e+00 7.5877094618170800e-03 2.7695650461606541e-01 -2.6936879515424833e-01
2.2972972972972974e+00 7.5222260074507960e-03 2.2619333598482810e-01 -2.1867110997737732e-01
2.3073073073073074e+00 7.4575845075368083e-03 1.7080540665615532e-01 -1.6334782214861851e-01
2.3173173173173174e+00 7.3937706255803783e-03 1.1106957804256772e-01 -1.0367580741698734e-01
2.3273273273273274e+00 7.3307703281800408e-03 4.7316252327535856e-02 -3.9985481999355817e-02
2.3373373373373374e+00 7.2685698773898378e-03 -2.0070646650628528e-02 2.7339216528018365e-02
2.3473473473473474e+00 7.2071558233045762e-03 -9.0654143956441474e-02 9.7861299779746044e-02
2.3573573573573574e+00 7.1465149968607646e-03 -1.6394515695777032e-01 1.7109167195463107e-01
2.3673673673673674e+00 7.0866345028460336e-03 -2.3940393048910930e-01 2.4649056499195532e-01
2.3773773773773774e+00 7.0275017131102612e-03 -3.1644197992778089e-01 3.2346948164089118e-01
2.3873873873873874e+00 6.9691042599717415e-03 -3.9442455527800335e-01 4.0139365953797507e-01
2.3973973973973974e+00 6.9114300298120553e-03 -4.7267363602191653e-01 4.7958506605172857e-01
2.4074074074074074e+00 6.8544671568535279e-03 -5.5047146288746718e-01 5.5732593004432074e-01
2.4174174174174174e+00 6.7982040171133103e-03 -6.2706460881003390e-01 6.3386281282714718e-01
2.4274274274274275e+00 6.7426292225284722e-03 -7.0166858723987569e-01 7.0841121646240413e-01
2.4374374374374375e+00 6.6877316152465279e-03 -7.7347299158543714e-01 7.8016072320068364e-01
2.4474474474474475e+00 6.6335002620761712e-03 -8.4164715500037757e-01 8.4828065526245378e-01
2.4574574574574575e+00 6.5799244490930804e-03 -9.0534631493967543e-01 9.1192623938876849e-01
2.4674674674674675e+00 6.5269936763958751e-03 -9.6371826194978993e-01 9.7024525562618580e-01
2.4774774774774775e+00 6.4746976530074950e-03 -1.0159104470446896e+00 1.0223851446976970e+00
2.4874874874874875e+00 6.4230262919173975e-03 -1.0610775167816513e+00 1.0675005430735687e+00
2.4974974974974975e+00 6.3719697052601765e-03 -1.0983892398185058e+00 1.1047612095237660e+00
2.5075075075075075e+00 6.3215181996263267e-03 -1.1270387833408040e+00 1.1333603015404303e+00
2.5175175175175175e+00 6.2716622715010429e-03 -1.1462512923291910e+00 1.1525229546006921e+00
2.5275275275275275e+00 6.2223926028270862e-03 -1.1552927192324320e+00 1.1615151118352591e+00
2.5375375375375375e+00 6.1737000566878713e-03 -1.1534788462612080e+00 1.1596525463178959e+00
2.5475475475475475e+00 6.1255756731071033e-03 -1.1401844372651782e+00 1.1463100129382853e+00
2.5575575575575575e+00 6.0780106649613499e-03 -1.1148524510465982e+00 1.1209304617115596e+00
2.5675675675675675e+00 6.0309964140021323e-03 -1.0770032430457306e+00 1.0830342394597328e+00
2.5775775775775776e+00 5.9845244669841846e-03 -1.0262436776558441e+00 1.0322282021228284e+00
2.5875875875875876e+00 5.9385865318966691e-03 -9.6227606904027851e-01 9.6821465557217523e-01
2.5975975975975976e+00 5.8931744742942290e-03 -8.8490686428356025e-01 8.9080003875785452e-01
2.6076076076076076e+00 5.8482803137248820e-03 -7.9405497906687150e-01 7.9990325938059637e-01
2.6176176176176176e+00 5.8038962202518482e-03 -6.8975969287033978e-01 6.9556358909059168e-01
2.6276276276276276e+00 5.7600145110665059e-03 -5.7218800802616199e-01 5.7794802253722855e-01
2.6376376376376376e+00 5.7166276471897533e-03 -4.4164137483329907e-01 4.4735800248048885e-01
2.6476476476476476e+00 5.6737282302591723e-03 -2.9856168345218520e-01 3.0423541168244439e-01
2.6576576576576576e+00 5.6313089993994371e-03 -1.4353642248190332e-01 1.4916773148130275e-01
2.6676676676676676e+00 5.5893628281735372e-03 2.2697095963141171e-02 -1.7107733134967634e-02
2.6776776776776776e+00 5.5478827216124274e-03 1.9924854416172846e-01 -1.9370066144011602e-01
2.6876876876876876e+00 5.5068618133208170e-03 3.8507251763104350e-01 -3.7956565581772267e-01
2.6976976976976976e+00 5.4662933626568825e-03 5.7896770044318935e-01 -5.7350140708053243e-01
2.7077077077077076e+00 5.4261707519837610e-03 7.7957734920077237e-01 -7.7415117844878867e-01
2.7177177177177176e+00 5.3864874839907335e-03 9.8539118353994815e-01 -9.8000469605595741e-01
2.7277277277277276e+00 5.3472371790821045e-03 1.1947487656985667e+00 -1.1894015285194846e+00
2.7377377377377377e+00 5.3084135728318355e-03 1.4058444453106136e+00 -1.4005360317377817e+00
2.7477477477477477e+00 5.2700105135020225e-03 1.6167339381369010e+00 -1.6114639276233991e+00
2.7577577577577577e+00 5.2320219596234474e-03 1.8253425988921916e+00 -1.8201105769325683e+00
2.7677677677677677e+00 5.1944419776363783e-03 2.0294754386637468e+00 -2.0242809966861106e+00
2.7777777777777777e+00 5.1572647395899665e-03 2.2268289266249006e+00 -2.2216716618853107e+00
2.7877877877877877e+00 5.1204845208985489e-03 2.4150046038274557e+00 -2.4098841193065570e+00
2.7977977977977977e+00 5.0840956981532829e-03 2.5915245238133440e+00 -2.5864404281151905e+00
2.8078078078078077e+00 5.0480927469875288e-03 2.7538485206334804e+00 -2.7488004278864930e+00
2.8178178178178177e+00 5.0124702399945249e-03 2.8993932896237666e+00 -2.8943808193837719e+00
2.8278278278278277e+00 4.9772228446958514e-03 3.0255532499976692e+00 -3.0205760271529734e+00
2.8378378378378377e+00 4.9423453215593121e-03 3.1297231410163704e+00 -3.1247807956948113e+00
2.8478478478478477e+00 4.9078325220648401e-03 3.2093222852459302e+00 -3.2044144527238654e+00
2.8578578578578577e+00 4.8736793868171284e-03 3.2618204332726926e+00 -3.2569467538858756e+00
2.8678678678678677e+00 4.8398809437036772e-03 3.2847650843024954e+00 -3.2799252033587916e+00
2.8778778778778777e+00 4.8064323060970368e-03 3.2758101564072071e+00 -3.2710037241011101e+00
2.8878878878878878e+00 4.7733286711000291e-03 3.2327458589074611e+00 -3.2279725302363613e+00
2.8978978978978978e+00 4.7405653178327839e-03 3.1535295976114108e+00 -3.1487890322935779e+00
2.9079079079079078e+00 4.7081376057604455e-03 3.0363177214958421e+00 -3.0316095838900816e+00
2.9179179179179178e+00 4.6760409730604744e-03 2.8794978970633527e+00 -2.8748218560902923e+00
2.9279279279279278e+00 4.6442709350284555e-03 2.6817218741954809e+00 -2.6770776032604524e+00
2.9379379379379378e+00 4.6128230825213910e-03 2.4419383850191716e+00 -2.4373255619366501e+00
2.9479479479479478e+00 4.5816930804374731e-03 2.1594258952986078e+00 -2.1548442022181704e+00
2.9579579579579578e+00 4.5508766662313710e-03 1.8338249063558214e+00 -1.8292740296895900e+00
2.9679679679679678e+00 4.5203696484640687e-03 1.4651694847252079e+00 -1.4606491150767438e+00
2.9779779779779778e+00 4.4901679053863733e-03 1.0539176768841689e+00 -1.0494275089787826e+00
2.9879879879879878e+00 4.4602673835551620e-03 6.0098044771379178e-01 -5.9652018033023657e-01
2.9979979979979978e+00 4.4306640964815484e-03 1.0774876407974636e-01 -1.0331809998326481e-01
3.0080080080080087e+00 4.4013541233100988e-03 -4.2388157065452947e-01 4.2828292477783958e-01
3.0180180180180187e+00 4.3723336075283184e-03 -9.9148773899069509e-01 9.9586007259822340e-01
3.0280280280280287e+00 4.3435987557055682e-03 -1.5921008077271213e+00 1.5964444064828269e+00
3.0380380380380387e+00 4.3151458362607163e-03 -2.2221901305081238e+00 2.2265052763443847e+00
3.0480480480480487e+00 4.2869711782577251e-03 -2.8776516885793919e+00 2.8819386597576497e+00
3.0580580580580587e+00 4.2590711702284751e-03 -3.5538008067565334e+00 3.5580598779267620e+00
3.0680680680680688e+00 4.2314422590221251e-03 -4.2453696811126704e+00 4.2496011233716926e+00
3.0780780780780788e+00 4.2040809486803285e-03 -4.9465101506667049e+00 4.9507142316153852e+00
3.0880880880880888e+00 4.1769837993376304e-03 -5.6508021371046482e+00 5.6549791209039855e+00
3.0980980980980988e+00 4.1501474261464314e-03 -6.3512681639954893e+00 6.3554183114216354e+00
3.1081081081081088e+00 4.1235684982258696e-03 -7.0403943497779222e+00 7.0445179182761484e+00
3.1181181181181188e+00 4.0972437376340220e-03 -7.7101582467143119e+00 7.7142554904519463e+00
3.1281281281281288e+00 4.0711699183628436e-03 -8.3520638707612562e+00 8.3561350406796198e+00
3.1381381381381388e+00 4.0453438653552647e-03 -8.9571842346391559e+00 8.9612295785045113e+00
3.1481481481481488e+00 4.0197624535438957e-03 -9.5162116580591380e+00 9.5202314205126815e+00
3.1581581581581588e+00 3.9944226069107925e-03 -1.0019516084870054e+01 1.0023510507476963e+01
3.1681681681681688e+00 3.9693212975677626e-03 -1.0457211586635973e+01 1.0461180907933540e+01
3.1781781781781788e+00 3.9444555448567009e-03 -1.0819231175683232e+01 1.0823175631228089e+01
3.1881881881881888e+00 3.9198224144694612e-03 -1.1095409987849084e+01 1.1099329810263553e+01
3.1981981981981988e+00 3.8954190175867673e-03 -1.1275576825928749e+01 1.1279472244946335e+01
3.2082082082082088e+00 3.8712425100357190e-03 -1.1349653979120308e+01 1.1353525221630344e+01
3.2182182182182189e+00 3.8472900914654118e-03 -1.1307765151607272e+01 1.1311612441698738e+01
3.2282282282282289e+00 3.8235590045402443e-03 -1.1140351244859930e+01 1.1144174803864471e+01
3.2382382382382389e+00 3.8000465341504687e-03 -1.0838293643392026e+01 1.0842093689926177e+01
3.2482482482482489e+00 3.7767500066395784e-03 -1.0393044552759676e+01 1.0396821302766316e+01
3.2582582582582589e+00 3.7536667890481160e-03 -9.7967638317773247e+00 9.8005174985663732e+00
3.2682682682682689e+00 3.7307942883734947e-03 -9.0424616485741787e+00 9.0461924428625515e+00
3.2782782782782789e+00 3.7081299508454789e-03 -8.1241461726125479e+00 8.1278543025633940e+00
3.2882882882882889e+00 3.6856712612169020e-03 -7.0369753926222876e+00 7.0406610638835048e+00
3.2982982982982989e+00 3.6634157420693003e-03 -5.7774120241313867e+00 5.7810754398734563e+00
3.3083083083083089e+00 3.6413609531330813e-03 -4.3433803405534936e+00 4.3470217015066268e+00
3.3183183183183189e+00 3.6195044906218751e-03 -2.7344236293793895e+00 2.7380431338700113e+00
3.3283283283283289e+00 3.5978439865807601e-03 -9.5186084076685151e-01 9.5545868475343232e-01
3.3383383383383389e+00 3.5763771082480025e-03 1.0010591393097101e+00 -9.9748276220146215e-01
3.3483483483483489e+00 3.5551015574300099e-03 3.1190072941337492e+00 -3.1154521925763192e+00
3.3583583583583589e+00 3.5340150698891849e-03 5.3944301959079537e+00 -5.3908961808380642e+00
3.3683683683683689e+00 3.5131154147443658e-03 7.8174136072831120e+00 -7.8139004918683677e+00
3.3783783783783790e+00 3.4924003938835782e-03 1.0375556058881896e+01 -1.0372063658488013e+01
3.3883883883883890e+00 3.4718678413887868e-03 1.3053854618191323e+01 -1.3050382750349934e+01
3.3983983983983990e+00 3.4515156229723868e-03 1.5834605179196604e+01 -1.5831153663573632e+01
3.4084084084084090e+00 3.4313416354251566e-03 1.8697319707111973e+01 -1.8693888365476546e+01
3.4184184184184190e+00 3.4113438060754016e-03 2.1618662966647971e+01 -2.1615251622841896e+01
3.4284284284284290e+00 3.3915200922590397e-03 2.4572411343436499e+01 -2.4569019823344242e+01
3.4384384384384390e+00 3.3718684808003658e-03 2.7529436434400843e+01 -2.7526064565920041e+01
3.4484484484484490e+00 3.3523869875032599e-03 3.0457716131786373e+01 -3.0454363744798869e+01
3.4584584584584590e+00 3.3330736566525975e-03 3.3322375954928823e+01 -3.3319042881272168e+01
3.4684684684684690e+00 3.3139265605256225e-03 3.6085763391214520e+01 -3.6082449464653997e+01
3.4784784784784790e+00 3.2949437989130683e-03 3.8707557990562805e+01 -3.8704263046763892e+01
3.4884884884884890e+00 3.2761234986497943e-03 4.1144919913561068e+01 -4.1141643790062417e+01
3.4984984984984990e+00 3.2574638131547254e-03 4.3352679559441967e+01 -4.3349422095628810e+01
3.5085085085085090e+00 3.2389629219798932e-03 4.5283570793722802e+01 -4.5280331830800826e+01
3.5185185185185190e+00 3.2206190303683598e-03 4.6888510153786015e+01 -4.6885289534755650e+01
3.5285285285285291e+00 3.2024303688208398e-03 4.8116924231218434e+01 -4.8113721800849611e+01
3.5385385385385391e+00 3.1843951926708077e-03 4.8917127209604459e+01 -4.8913942814411790e+01
3.5485485485485491e+00 3.1665117816679234e-03 4.9236750272962361e+01 -4.9233583761180697e+01
3.5585585585585591e+00 3.1487784395695714e-03 4.9023224290475483e+01 -4.9020075512035916e+01
3.5685685685685691e+00 3.1311934937403446e-03 4.8224316825009844e+01 -4.8221185631516100e+01
3.5785785785785791e+00 3.1137552947592931e-03 4.6788724103683926e+01 -4.6785610348389163e+01
3.5885885885885891e+00 3.0964622160347638e-03 4.4666718126146094e+01 -4.4663621663930059e+01
3.5985985985985991e+00 3.0793126534266755e-03 4.1810848568107396e+01 -4.1807769255453969e+01
3.6086086086086091e+00 3.0623050248760478e-03 3.8176698562180555e+01 -3.8173636257155678e+01
3.6186186186186191e+00 3.0454377700416401e-03 3.3723692803584754e+01 -3.3720647365814713e+01
3.6286286286286291e+00 3.0287093499435425e-03 2.8415955733491916e+01 -2.8412927024141972e+01
3.6386386386386391e+00 3.0121182466135593e-03 2.2223216796809492e+01 -2.2220204678562880e+01
3.6486486486486491e+00 2.9956629627522452e-03 1.5121758953532090e+01 -1.5118763290569339e+01
3.6586586586586591e+00 2.9793420213924532e-03 7.0954057434545188e+00 -7.0924264014331264e+00
3.6686686686686691e+00 2.9631539655692414e-03 -1.8634587364112936e+00 1.8664218903768628e+00
3.6786786786786791e+00 2.9470973579960123e-03 -1.1752843582757974e+01 1.1755790680115970e+01
3.6886886886886892e+00 2.9311707807467471e-03 -2.2560086264735123e+01 2.2563017435515871e+01
3.6986986986986992e+00 2.9153728349442048e-03 -3.4260778043905376e+01 3.4263693416740317e+01
3.7087087087087092e+00 2.8997021404539567e-03 -4.6817689614620704e+01 4.6820589316761158e+01
3.7187187187187192e+00 2.8841573355841365e-03 -6.0179708157444551e+01 6.0182592314780138e+01
3.7287287287287292e+00 2.8687370767907765e-03 -7.4280798253830042e+01 7.4283666990906838e+01
3.7387387387387392e+00 2.8534400383886222e-03 -8.9039000401532462e+01 8.9041853841570855e+01
3.7487487487487492e+00 2.8382649122673000e-03 -1.0435548218952377e+02 1.0435832045443604e+02
3.7587587587587592e+00 2.8232104076127296e-03 -1.2011365852954593e+02 1.2011648173995354e+02
3.7687687687687692e+00 2.8082752506336712e-03 -1.3617839868859554e+02 1.3618120696384617e+02
3.7787787787787792e+00 2.7934581842932976e-03 -1.5239533921080388e+02 1.5239813266898818e+02
3.7887887887887892e+00 2.7787579680456850e-03 -1.6859032314506021e+02 1.6859310190302827e+02
3.7987987987987992e+00 2.7641733775771236e-03 -1.8456898729135000e+02 1.8457175146472758e+02
3.8088088088088092e+00 2.7497032045521500e-03 -2.0011652042744976e+02 2.0011927013065431e+02
3.8188188188188192e+00 2.7353462563641886e-03 -2.1499761665977059e+02 2.1500035200602696e+02
3.8288288288288292e+00 2.7211013558907280e-03 -2.2895664913732116e+02 2.2895937023867705e+02
3.8388388388388393e+00 2.7069673412529207e-03 -2.4171809035348377e+02 2.4172079732082503e+02
3.8488488488488493e+00 2.6929430655795250e-03 -2.5298720611194980e+02 2.5298989905501537e+02
3.8588588588588593e+00 2.6790273967750968e-03 -2.6245105092403008e+02 2.6245372995142685e+02
3.8688688688688693e+00 2.6652192172923433e-03 -2.6977979310563768e+02 2.6978245832485499e+02
3.8788788788788793e+00 2.6515174239085527e-03 -2.7462839812220352e+02 2.7463104963962741e+02
3.8888888888888893e+00 2.6379209275060244e-03 -2.7663869875509448e+02 2.7664133667602198e+02
3.8988988988988993e+00 2.6244286528564033e-03 -2.7544188039762764e+02 2.7544450482628048e+02
3.9089089089089093e+00 2.6110395384088573e-03 -2.7066140919425442e+02 2.7066402023379283e+02
3.9189189189189193e+00 2.5977525360820044e-03 -2.6191642977203355e+02 2.6191902752456963e+02
3.9289289289289293e+00 2.5845666110595206e-03 -2.4882565793605772e+02 2.4882824250266879e+02
3.9389389389389393e+00 2.5714807415893604e-03 -2.3101179186457745e+02 2.3101436334531903e+02
3.9489489489489493e+00 2.5584939187865007e-03 -2.0810646299750158e+02 2.0810902149142038e+02
3.9589589589589593e+00 2.5456051464391558e-03 -1.7975574491396256e+02 1.7975829051910901e+02
3.9689689689689693e+00 2.5328134408183827e-03 -1.4562623498897335e+02 1.4562876780241416e+02
3.9789789789789793e+00 2.5201178304910142e-03 -1.0541171945233970e+02 1.0541423957017018e+02
3.9889889889889893e+00 2.5075173561358455e-03 -5.8840427589844253e+01 5.8842935107200390e+01
3.9989989989989994e+00 2.4950110703630263e-03 -5.6828751710081589e+00 5.6853701820785219e+00
4.0090090090090094e+00 2.4825980375365753e-03 5.4239709297776180e+01 -5.4237226699738642e+01
4.0190190190190194e+00 2.4702773335999709e-03 1.2104638926895242e+02 -1.2104391899161882e+02
4.0290290290290294e+00 2.4580480459047449e-03 1.9478697789076540e+02 -1.9478451984271950e+02
4.0390390390390394e+00 2.4459092730420339e-03 2.7543198019845329e+02 -2.7542953428918025e+02
4.0490490490490494e+00 2.4338601246770178e-03 3.6286206155148938e+02 -3.6285962769136472e+02
4.0590590590590594e+00 2.4218997213861968e-03 4.5685709559982575e+02 -4.5685467370010434e+02
4.0690690690690694e+00 2.4100271944974463e-03 5.5708485771670746e+02 -5.5708244768951295e+02
4.0790790790790794e+00 2.3982416859328021e-03 6.6308944370113409e+02 -6.6308704545944818e+02
4.0890890890890894e+00 2.3865423480539153e-03 7.7427950867203094e+02 -7.7427712212968288e+02
4.0990990990990994e+00 2.3749283435101289e-03 8.8991643748509284e+02 -8.8991406255674929e+02
4.1091091091091094e+00 2.3633988450891315e-03 1.0091025757310709e+03 -1.0091002123322259e+03
4.1191191191191194e+00 2.3519530355701240e-03 1.1307696694410583e+03 -1.1307673174880229e+03
4.1291291291291294e+00 2.3405901075794640e-03 1.2536676820390455e+03 -1.2536653414489379e+03
4.1391391391391394e+00 2.3293092634487354e-03 1.3763541788415503e+03 -1.3763518495322869e+03
4.1491491491491495e+00 2.3181097150751953e-03 1.4971844924897964e+03 -1.4971821743800813e+03
4.1591591591591595e+00 2.3069906837845568e-03 1.6143029070766315e+03 -1.6143006000859477e+03
4.1691691691691695e+00 2.2959514001960608e-03 1.7256351243423928e+03 -1.7256328283909927e+03
4.1791791791791795e+00 2.2849911040897894e-03 1.8288823020836908e+03 -1.8288800170925867e+03
4.1891891891891895e+00 2.2741090442761885e-03 1.9215169827423442e+03 -1.9215147086333000e+03
4.1991991991991995e+00 2.2633044784677475e-03 2.0007812588852482e+03 -2.0007789955807698e+03
4.2092092092092095e+00 2.2525766731528018e-03 2.0636875517833259e+03 -2.0636852992066529e+03
4.2192192192192195e+00 2.2419249034714137e-03 2.1070224093445686e+03 -2.1070201674196651e+03
4.2292292292292295e+00 2.2313484530932992e-03 2.1273537600067762e+03 -2.1273515286583229e+03
4.2392392392392395e+00 2.2208466140977517e-03 2.1210420895560087e+03 -2.1210398687093948e+03
4.2492492492492495e+00 2.2104186868555386e-03 2.0842560378615526e+03 -2.0842538274428657e+03
4.2592592592592595e+00 2.2000639799127212e-03 2.0129929418022609e+03 -2.0129907417382810e+03
4.2692692692692695e+00 2.1897818098763734e-03 1.9031048787323546e+03 -1.9031026889505447e+03
4.2792792792792795e+00 2.1795715013021525e-03 1.7503307911550526e+03 -1.7503286115835513e+03
4.2892892892892895e+00 2.1694323865836993e-03 1.5503352972167261e+03 -1.5503331277843395e+03
4.2992992992992995e+00 2.1593638058438236e-03 1.2987548124915236e+03 -1.2987526531277178e+03
4.3093093093093096e+00 2.1493651068274521e-03 9.9125162548755634e+02 -9.9124947612244955e+02
4.3193193193193196e+00 2.1394356447962952e-03 6.2357658145388439e+02 -6.2357444201823955e+02
4.3293293293293296e+00 2.1295747824252114e-03 1.9164103536769036e+02 -1.9163890579290793e+02
4.3393393393393396e+00 2.1197818897002291e-03 -3.0840126573222267e+02 3.0840338551411236e+02
4.3493493493493496e+00 2.1100563438182065e-03 -8.8006171993380201e+02 8.8006382999014579e+02
4.3593593593593596e+00 2.1003975290880880e-03 -1.5264131948497754e+03 1.5264152952473046e+03
4.3693693693693696e+00 2.0908048368337329e-03 -2.2499745371526310e+03 2.2499766279574678e+03
4.3793793793793796e+00 2.0812776652982951e-03 -3.0525827086548861e+03 3.0525847899325513e+03
4.3893893893893896e+00 2.0718154195501115e-03 -3.9352520490905645e+03 3.9352541209059841e+03
4.3993993993993996e+00 2.0624175113900817e-03 -4.8980202420148753e+03 4.8980223044323866e+03
4.4094094094094096e+00 2.0530833592605131e-03 -5.9397806565026403e+03 5.9397827095859993e+03
4.4194194194194196e+00 2.0438123881553970e-03 -7.0581008563434707e+03 7.0581029001558591e+03
4.4294294294294296e+00 2.0346040295320970e-03 -8.2490272132404680e+03 8.2490292478444971e+03
4.4394394394394396e+00 2.0254577212244209e-03 -9.5068757344670903e+03 9.5068777599248115e+03
4.4494494494494496e+00 2.0163729073570556e-03 -1.0824009422207417e+04 1.0824011438580324e+04
4.4594594594594597e+00 2.0073490382613332e-03 -1.2190602725447552e+04 1.2190604732796590e+04
4.4694694694694697e+00 1.9983855703923142e-03 -1.3594393930244527e+04 1.3594395928630098e+04
4.4794794794794797e+00 1.9894819662471526e-03 -1.5020426665343037e+04 1.5020428654825004e+04
4.4894894894894897e+00 1.9806376942847342e-03 -1.6450782082775346e+04 1.6450784063413041e+04
4.4994994994994997e+00 1.9718522288465546e-03 -1.7864303713097685e+04 1.7864305684949912e+04
4.5095095095095097e+00 1.9631250500788170e-03 -1.9236317498655622e+04 1.9236319461780673e+04
4.5195195195195197e+00 1.9544556438557364e-03 -2.0538350082690089e+04 2.0538352037145734e+04
4.5295295295295297e+00 1.9458435017040132e-03 -2.1737849084770791e+04 2.1737851030614293e+04
4.5395395395395397e+00 1.9372881207284753e-03 -2.2797909832229241e+04 2.2797911769517363e+04
4.5495495495495497e+00 1.9287890035388528e-03 -2.3677013851948461e+04 2.3677015780737464e+04
4.5595595595595597e+00 1.9203456581776684e-03 -2.4328785366808064e+04 2.4328787287153722e+04
4.5695695695695697e+00 1.9119575980492349e-03 -2.4701773096896868e+04 2.4701775008854467e+04
4.5795795795795797e+00 1.9036243418497241e-03 -2.4739265848796109e+04 2.4739267752420452e+04
4.5895895895895897e+00 1.8953454134983015e-03 -2.4379151699293852e+04 2.4379153594639265e+04
4.5995995995995997e+00 1.8871203420693012e-03 -2.3553832056338884e+04 2.3553833943459227e+04
4.6096096096096097e+00 1.8789486617254280e-03 -2.2190203524526129e+04 2.2190205403474789e+04
4.6196196196196198e+00 1.8708299116519643e-03 -2.0209722330778339e+04 2.0209724201608249e+04
4.6296296296296298e+00 1.8627636359919660e-03 -1.7528568095275572e+04 1.7528569958039207e+04
4.6396396396396398e+00 1.8547493837824361e-03 -1.4057925981602179e+04 1.4057927836351562e+04
4.6496496496496498e+00 1.8467867088914468e-03 -9.7044087485206710e+03 9.7044105953073795e+03
4.6596596596596598e+00 1.8388751699562091e-03 -4.3706429753028951e+03 4.3706448141780647e+03
4.6696696696696698e+00 1.8310143303220589e-03 2.0439532335820395e+03 -2.0439514025677092e+03
4.6796796796796798e+00 1.8232037579823590e-03 9.6421704153476494e+03 -9.6421685921438911e+03
4.6896896896896898e+00 1.8154430255192860e-03 1.8527751458582094e+04 -1.8527749643139068e+04
4.6996996996996998e+00 1.8077317100455004e-03 2.8803840481852538e+04 -2.8803838674120827e+04
4.7097097097097098e+00 1.8000693931466765e-03 4.0571094065452977e+04 -4.0571092265383581e+04
4.7197197197197198e+00 1.7924556608248825e-03 5.3925407148320097e+04 -5.3925405355864437e+04
4.7297297297297298e+00 1.7848901034427909e-03 6.8955200563472521e+04 -6.8955198778582417e+04
4.7397397397397398e+00 1.7773723156687148e-03 8.5738211341403541e+04 -8.5738209564031233e+04
4.7497497497497498e+00 1.7699018964224440e-03 1.0433772052002435e+05 -1.0433771875012245e+05
4.7597597597597598e+00 1.7624784488218784e-03 1.2479814621731939e+05 -1.2479814445484093e+05
4.7697697697697699e+00 1.7551015801304383e-03 1.4713992210091927e+05 -1.4713992034581769e+05
4.7797797797797799e+00 1.7477709017052422e-03 1.7135357307593516e+05 -1.7135357132816425e+05
4.7897897897897899e+00 1.7404860289460394e-03 1.9739289095359421e+05 -1.9739288921310817e+05
4.7997997997997999e+00 1.7332465812448811e-03 2.2516710299950617e+05 -2.2516710126625959e+05
4.8098098098098099e+00 1.7260521819365236e-03 2.5453191552868698e+05 -2.5453191380263481e+05
4.8198198198198199e+00 1.7189024582495460e-03 2.8527930304723064e+05 -2.8527930132832821e+05
4.8298298298298299e+00 1.7117970412581743e-03 3.1712590076555533e+05 -3.1712589905375830e+05
4.8398398398398399e+00 1.7047355658348006e-03 3.4969984454822203e+05 -3.4969984284348646e+05
4.8498498498498499e+00 1.6977176706031800e-03 3.8252588743798231e+05 -3.8252588574026467e+05
4.8598598598598599e+00 1.6907429978923029e-03 4.1500860570874851e+05 -4.1500860401800548e+05
4.8698698698698699e+00 1.6838111936909256e-03 4.4641348986959970e+05 -4.4641348818578850e+05
4.8798798798798799e+00 1.6769219076027506e-03 4.7584569705916604e+05 -4.7584569538224413e+05
4.8898898898898899e+00 1.6700747928022446e-03 5.0222622072976804e+05 -5.0222621905969328e+05
4.8998998998998999e+00 1.6632695059910856e-03 5.2426521130906756e+05 -5.2426520964579802e+05
4.9099099099099099e+00 1.6565057073552297e-03 5.4043215752201551e+05 -5.4043215586550976e+05
4.9199199199199199e+00 1.6497830605225815e-03 5.4892261212754785e+05 -5.4892261047776474e+05
4.9299299299299300e+00 1.6431012325212691e-03 5.4762111783459887e+05 -5.4762111619149765e+05
4.9399399399399400e+00 1.6364598937385017e-03 5.3405995896300720e+05 -5.3405995732654736e+05
4.9499499499499500e+00 1.6298587178800118e-03 5.0537333185014874e+05 -5.0537333022028999e+05
4.9599599599599600e+00 1.6232973819300632e-03 4.5824649190653575e+05 -4.5824649028323835e+05
4.9699699699699700e+00 1.6167755661120201e-03 3.8885939741556015e+05 -3.8885939579878456e+05
4.9799799799799800e+00 1.6102929538494729e-03 2.9282432946524216e+05 -2.9282432785494922e+05
4.9899899899899900e+00 1.6038492317279000e-03 1.6511692359227518e+05 -1.6511692198842595e+05
5.0000000000000000e+00 1.5974440894568689e-03 1.5974440894568689e-03 0.0000000000000000e+00
